Gamma	K	Max	Acc	
0.0	1.0	1.7976931348623157E308	0.9406474820143885	
0.0	1.0	0.0010	0.9406474820143885	
0.0	1.0	0.01	0.9406474820143885	
0.0	1.0	0.1	0.9406474820143885	
0.0	1.0	1.0	0.9406474820143885	
0.0	1.0	10.0	0.9406474820143885	
0.0	1.0	100.0	0.9406474820143885	
0.0	1.0	Infinity	0.9406474820143885	
0.0	2.0	1.7976931348623157E308	0.9388489208633094	
0.0	2.0	0.0010	0.9388489208633094	
0.0	2.0	0.01	0.9388489208633094	
0.0	2.0	0.1	0.9388489208633094	
0.0	2.0	1.0	0.9388489208633094	
0.0	2.0	10.0	0.9388489208633094	
0.0	2.0	100.0	0.9388489208633094	
0.0	2.0	Infinity	0.9388489208633094	
0.0	3.0	1.7976931348623157E308	0.9442446043165468	
0.0	3.0	0.0010	0.9442446043165468	
0.0	3.0	0.01	0.9442446043165468	
0.0	3.0	0.1	0.9442446043165468	
0.0	3.0	1.0	0.9442446043165468	
0.0	3.0	10.0	0.9442446043165468	
0.0	3.0	100.0	0.9442446043165468	
0.0	3.0	Infinity	0.9442446043165468	
0.0	4.0	1.7976931348623157E308	0.9442446043165468	
0.0	4.0	0.0010	0.9442446043165468	
0.0	4.0	0.01	0.9442446043165468	
0.0	4.0	0.1	0.9442446043165468	
0.0	4.0	1.0	0.9442446043165468	
0.0	4.0	10.0	0.9442446043165468	
0.0	4.0	100.0	0.9442446043165468	
0.0	4.0	Infinity	0.9442446043165468	
0.0	5.0	1.7976931348623157E308	0.9406474820143885	
0.0	5.0	0.0010	0.9406474820143885	
0.0	5.0	0.01	0.9406474820143885	
0.0	5.0	0.1	0.9406474820143885	
0.0	5.0	1.0	0.9406474820143885	
0.0	5.0	10.0	0.9406474820143885	
0.0	5.0	100.0	0.9406474820143885	
0.0	5.0	Infinity	0.9406474820143885	
0.0	6.0	1.7976931348623157E308	0.947841726618705	
0.0	6.0	0.0010	0.947841726618705	
0.0	6.0	0.01	0.947841726618705	
0.0	6.0	0.1	0.947841726618705	
0.0	6.0	1.0	0.947841726618705	
0.0	6.0	10.0	0.947841726618705	
0.0	6.0	100.0	0.947841726618705	
0.0	6.0	Infinity	0.947841726618705	
0.0	7.0	1.7976931348623157E308	0.9514388489208633	
0.0	7.0	0.0010	0.9514388489208633	
0.0	7.0	0.01	0.9514388489208633	
0.0	7.0	0.1	0.9514388489208633	
0.0	7.0	1.0	0.9514388489208633	
0.0	7.0	10.0	0.9514388489208633	
0.0	7.0	100.0	0.9514388489208633	
0.0	7.0	Infinity	0.9514388489208633	
0.0	8.0	1.7976931348623157E308	0.9496402877697842	
0.0	8.0	0.0010	0.9496402877697842	
0.0	8.0	0.01	0.9496402877697842	
0.0	8.0	0.1	0.9496402877697842	
0.0	8.0	1.0	0.9496402877697842	
0.0	8.0	10.0	0.9496402877697842	
0.0	8.0	100.0	0.9496402877697842	
0.0	8.0	Infinity	0.9496402877697842	
0.0	9.0	1.7976931348623157E308	0.9568345323741008	
0.0	9.0	0.0010	0.9568345323741008	
0.0	9.0	0.01	0.9568345323741008	
0.0	9.0	0.1	0.9568345323741008	
0.0	9.0	1.0	0.9568345323741008	
0.0	9.0	10.0	0.9568345323741008	
0.0	9.0	100.0	0.9568345323741008	
0.0	9.0	Infinity	0.9568345323741008	
0.0	10.0	1.7976931348623157E308	0.9442446043165468	
0.0	10.0	0.0010	0.9442446043165468	
0.0	10.0	0.01	0.9442446043165468	
0.0	10.0	0.1	0.9442446043165468	
0.0	10.0	1.0	0.9442446043165468	
0.0	10.0	10.0	0.9442446043165468	
0.0	10.0	100.0	0.9442446043165468	
0.0	10.0	Infinity	0.9442446043165468	
0.0	11.0	1.7976931348623157E308	0.9514388489208633	
0.0	11.0	0.0010	0.9514388489208633	
0.0	11.0	0.01	0.9514388489208633	
0.0	11.0	0.1	0.9514388489208633	
0.0	11.0	1.0	0.9514388489208633	
0.0	11.0	10.0	0.9514388489208633	
0.0	11.0	100.0	0.9514388489208633	
0.0	11.0	Infinity	0.9514388489208633	
0.0	12.0	1.7976931348623157E308	0.9424460431654677	
0.0	12.0	0.0010	0.9424460431654677	
0.0	12.0	0.01	0.9424460431654677	
0.0	12.0	0.1	0.9424460431654677	
0.0	12.0	1.0	0.9424460431654677	
0.0	12.0	10.0	0.9424460431654677	
0.0	12.0	100.0	0.9424460431654677	
0.0	12.0	Infinity	0.9424460431654677	
0.0	13.0	1.7976931348623157E308	0.9442446043165468	
0.0	13.0	0.0010	0.9442446043165468	
0.0	13.0	0.01	0.9442446043165468	
0.0	13.0	0.1	0.9442446043165468	
0.0	13.0	1.0	0.9442446043165468	
0.0	13.0	10.0	0.9442446043165468	
0.0	13.0	100.0	0.9442446043165468	
0.0	13.0	Infinity	0.9442446043165468	
0.0	14.0	1.7976931348623157E308	0.9424460431654677	
0.0	14.0	0.0010	0.9424460431654677	
0.0	14.0	0.01	0.9424460431654677	
0.0	14.0	0.1	0.9424460431654677	
0.0	14.0	1.0	0.9424460431654677	
0.0	14.0	10.0	0.9424460431654677	
0.0	14.0	100.0	0.9424460431654677	
0.0	14.0	Infinity	0.9424460431654677	
0.0	15.0	1.7976931348623157E308	0.9442446043165468	
0.0	15.0	0.0010	0.9442446043165468	
0.0	15.0	0.01	0.9442446043165468	
0.0	15.0	0.1	0.9442446043165468	
0.0	15.0	1.0	0.9442446043165468	
0.0	15.0	10.0	0.9442446043165468	
0.0	15.0	100.0	0.9442446043165468	
0.0	15.0	Infinity	0.9442446043165468	
0.0	16.0	1.7976931348623157E308	0.9406474820143885	
0.0	16.0	0.0010	0.9406474820143885	
0.0	16.0	0.01	0.9406474820143885	
0.0	16.0	0.1	0.9406474820143885	
0.0	16.0	1.0	0.9406474820143885	
0.0	16.0	10.0	0.9406474820143885	
0.0	16.0	100.0	0.9406474820143885	
0.0	16.0	Infinity	0.9406474820143885	
0.0	17.0	1.7976931348623157E308	0.9388489208633094	
0.0	17.0	0.0010	0.9388489208633094	
0.0	17.0	0.01	0.9388489208633094	
0.0	17.0	0.1	0.9388489208633094	
0.0	17.0	1.0	0.9388489208633094	
0.0	17.0	10.0	0.9388489208633094	
0.0	17.0	100.0	0.9388489208633094	
0.0	17.0	Infinity	0.9388489208633094	
0.0	18.0	1.7976931348623157E308	0.9388489208633094	
0.0	18.0	0.0010	0.9388489208633094	
0.0	18.0	0.01	0.9388489208633094	
0.0	18.0	0.1	0.9388489208633094	
0.0	18.0	1.0	0.9388489208633094	
0.0	18.0	10.0	0.9388489208633094	
0.0	18.0	100.0	0.9388489208633094	
0.0	18.0	Infinity	0.9388489208633094	
0.0	19.0	1.7976931348623157E308	0.9406474820143885	
0.0	19.0	0.0010	0.9406474820143885	
0.0	19.0	0.01	0.9406474820143885	
0.0	19.0	0.1	0.9406474820143885	
0.0	19.0	1.0	0.9406474820143885	
0.0	19.0	10.0	0.9406474820143885	
0.0	19.0	100.0	0.9406474820143885	
0.0	19.0	Infinity	0.9406474820143885	
0.0	20.0	1.7976931348623157E308	0.935251798561151	
0.0	20.0	0.0010	0.935251798561151	
0.0	20.0	0.01	0.935251798561151	
0.0	20.0	0.1	0.935251798561151	
0.0	20.0	1.0	0.935251798561151	
0.0	20.0	10.0	0.935251798561151	
0.0	20.0	100.0	0.935251798561151	
0.0	20.0	Infinity	0.935251798561151	
0.0	21.0	1.7976931348623157E308	0.9316546762589928	
0.0	21.0	0.0010	0.9316546762589928	
0.0	21.0	0.01	0.9316546762589928	
0.0	21.0	0.1	0.9316546762589928	
0.0	21.0	1.0	0.9316546762589928	
0.0	21.0	10.0	0.9316546762589928	
0.0	21.0	100.0	0.9316546762589928	
0.0	21.0	Infinity	0.9316546762589928	
0.0	22.0	1.7976931348623157E308	0.9298561151079137	
0.0	22.0	0.0010	0.9298561151079137	
0.0	22.0	0.01	0.9298561151079137	
0.0	22.0	0.1	0.9298561151079137	
0.0	22.0	1.0	0.9298561151079137	
0.0	22.0	10.0	0.9298561151079137	
0.0	22.0	100.0	0.9298561151079137	
0.0	22.0	Infinity	0.9298561151079137	
0.0	23.0	1.7976931348623157E308	0.9280575539568345	
0.0	23.0	0.0010	0.9280575539568345	
0.0	23.0	0.01	0.9280575539568345	
0.0	23.0	0.1	0.9280575539568345	
0.0	23.0	1.0	0.9280575539568345	
0.0	23.0	10.0	0.9280575539568345	
0.0	23.0	100.0	0.9280575539568345	
0.0	23.0	Infinity	0.9280575539568345	
0.0	24.0	1.7976931348623157E308	0.9280575539568345	
0.0	24.0	0.0010	0.9280575539568345	
0.0	24.0	0.01	0.9280575539568345	
0.0	24.0	0.1	0.9280575539568345	
0.0	24.0	1.0	0.9280575539568345	
0.0	24.0	10.0	0.9280575539568345	
0.0	24.0	100.0	0.9280575539568345	
0.0	24.0	Infinity	0.9280575539568345	
0.0	25.0	1.7976931348623157E308	0.9280575539568345	
0.0	25.0	0.0010	0.9280575539568345	
0.0	25.0	0.01	0.9280575539568345	
0.0	25.0	0.1	0.9280575539568345	
0.0	25.0	1.0	0.9280575539568345	
0.0	25.0	10.0	0.9280575539568345	
0.0	25.0	100.0	0.9280575539568345	
0.0	25.0	Infinity	0.9280575539568345	
0.0	26.0	1.7976931348623157E308	0.9280575539568345	
0.0	26.0	0.0010	0.9280575539568345	
0.0	26.0	0.01	0.9280575539568345	
0.0	26.0	0.1	0.9280575539568345	
0.0	26.0	1.0	0.9280575539568345	
0.0	26.0	10.0	0.9280575539568345	
0.0	26.0	100.0	0.9280575539568345	
0.0	26.0	Infinity	0.9280575539568345	
0.0	27.0	1.7976931348623157E308	0.9244604316546763	
0.0	27.0	0.0010	0.9244604316546763	
0.0	27.0	0.01	0.9244604316546763	
0.0	27.0	0.1	0.9244604316546763	
0.0	27.0	1.0	0.9244604316546763	
0.0	27.0	10.0	0.9244604316546763	
0.0	27.0	100.0	0.9244604316546763	
0.0	27.0	Infinity	0.9244604316546763	
0.0	28.0	1.7976931348623157E308	0.9280575539568345	
0.0	28.0	0.0010	0.9280575539568345	
0.0	28.0	0.01	0.9280575539568345	
0.0	28.0	0.1	0.9280575539568345	
0.0	28.0	1.0	0.9280575539568345	
0.0	28.0	10.0	0.9280575539568345	
0.0	28.0	100.0	0.9280575539568345	
0.0	28.0	Infinity	0.9280575539568345	
0.0	29.0	1.7976931348623157E308	0.9244604316546763	
0.0	29.0	0.0010	0.9244604316546763	
0.0	29.0	0.01	0.9244604316546763	
0.0	29.0	0.1	0.9244604316546763	
0.0	29.0	1.0	0.9244604316546763	
0.0	29.0	10.0	0.9244604316546763	
0.0	29.0	100.0	0.9244604316546763	
0.0	29.0	Infinity	0.9244604316546763	
0.0	30.0	1.7976931348623157E308	0.9190647482014388	
0.0	30.0	0.0010	0.9190647482014388	
0.0	30.0	0.01	0.9190647482014388	
0.0	30.0	0.1	0.9190647482014388	
0.0	30.0	1.0	0.9190647482014388	
0.0	30.0	10.0	0.9190647482014388	
0.0	30.0	100.0	0.9190647482014388	
0.0	30.0	Infinity	0.9190647482014388	
0.2	1.0	1.7976931348623157E308	0.9406474820143885	
0.2	1.0	0.0010	0.9406474820143885	
0.2	1.0	0.01	0.9406474820143885	
0.2	1.0	0.1	0.9406474820143885	
0.2	1.0	1.0	0.9406474820143885	
0.2	1.0	10.0	0.9406474820143885	
0.2	1.0	100.0	0.9406474820143885	
0.2	1.0	Infinity	0.9406474820143885	
0.2	2.0	1.7976931348623157E308	0.9406474820143885	
0.2	2.0	0.0010	0.9406474820143885	
0.2	2.0	0.01	0.9406474820143885	
0.2	2.0	0.1	0.9406474820143885	
0.2	2.0	1.0	0.9406474820143885	
0.2	2.0	10.0	0.9406474820143885	
0.2	2.0	100.0	0.9406474820143885	
0.2	2.0	Infinity	0.9406474820143885	
0.2	3.0	1.7976931348623157E308	0.947841726618705	
0.2	3.0	0.0010	0.947841726618705	
0.2	3.0	0.01	0.947841726618705	
0.2	3.0	0.1	0.947841726618705	
0.2	3.0	1.0	0.947841726618705	
0.2	3.0	10.0	0.947841726618705	
0.2	3.0	100.0	0.947841726618705	
0.2	3.0	Infinity	0.947841726618705	
0.2	4.0	1.7976931348623157E308	0.9496402877697842	
0.2	4.0	0.0010	0.9496402877697842	
0.2	4.0	0.01	0.9496402877697842	
0.2	4.0	0.1	0.9496402877697842	
0.2	4.0	1.0	0.9496402877697842	
0.2	4.0	10.0	0.9496402877697842	
0.2	4.0	100.0	0.9496402877697842	
0.2	4.0	Infinity	0.9496402877697842	
0.2	5.0	1.7976931348623157E308	0.9496402877697842	
0.2	5.0	0.0010	0.9496402877697842	
0.2	5.0	0.01	0.9496402877697842	
0.2	5.0	0.1	0.9496402877697842	
0.2	5.0	1.0	0.9496402877697842	
0.2	5.0	10.0	0.9496402877697842	
0.2	5.0	100.0	0.9496402877697842	
0.2	5.0	Infinity	0.9496402877697842	
0.2	6.0	1.7976931348623157E308	0.9442446043165468	
0.2	6.0	0.0010	0.9442446043165468	
0.2	6.0	0.01	0.9442446043165468	
0.2	6.0	0.1	0.9442446043165468	
0.2	6.0	1.0	0.9442446043165468	
0.2	6.0	10.0	0.9442446043165468	
0.2	6.0	100.0	0.9442446043165468	
0.2	6.0	Infinity	0.9442446043165468	
0.2	7.0	1.7976931348623157E308	0.9514388489208633	
0.2	7.0	0.0010	0.9514388489208633	
0.2	7.0	0.01	0.9514388489208633	
0.2	7.0	0.1	0.9514388489208633	
0.2	7.0	1.0	0.9514388489208633	
0.2	7.0	10.0	0.9514388489208633	
0.2	7.0	100.0	0.9514388489208633	
0.2	7.0	Infinity	0.9514388489208633	
0.2	8.0	1.7976931348623157E308	0.9514388489208633	
0.2	8.0	0.0010	0.9514388489208633	
0.2	8.0	0.01	0.9514388489208633	
0.2	8.0	0.1	0.9514388489208633	
0.2	8.0	1.0	0.9514388489208633	
0.2	8.0	10.0	0.9514388489208633	
0.2	8.0	100.0	0.9514388489208633	
0.2	8.0	Infinity	0.9514388489208633	
0.2	9.0	1.7976931348623157E308	0.9568345323741008	
0.2	9.0	0.0010	0.9568345323741008	
0.2	9.0	0.01	0.9568345323741008	
0.2	9.0	0.1	0.9568345323741008	
0.2	9.0	1.0	0.9568345323741008	
0.2	9.0	10.0	0.9568345323741008	
0.2	9.0	100.0	0.9568345323741008	
0.2	9.0	Infinity	0.9568345323741008	
0.2	10.0	1.7976931348623157E308	0.947841726618705	
0.2	10.0	0.0010	0.947841726618705	
0.2	10.0	0.01	0.947841726618705	
0.2	10.0	0.1	0.947841726618705	
0.2	10.0	1.0	0.947841726618705	
0.2	10.0	10.0	0.947841726618705	
0.2	10.0	100.0	0.947841726618705	
0.2	10.0	Infinity	0.947841726618705	
0.2	11.0	1.7976931348623157E308	0.9514388489208633	
0.2	11.0	0.0010	0.9514388489208633	
0.2	11.0	0.01	0.9514388489208633	
0.2	11.0	0.1	0.9514388489208633	
0.2	11.0	1.0	0.9514388489208633	
0.2	11.0	10.0	0.9514388489208633	
0.2	11.0	100.0	0.9514388489208633	
0.2	11.0	Infinity	0.9514388489208633	
0.2	12.0	1.7976931348623157E308	0.9496402877697842	
0.2	12.0	0.0010	0.9496402877697842	
0.2	12.0	0.01	0.9496402877697842	
0.2	12.0	0.1	0.9496402877697842	
0.2	12.0	1.0	0.9496402877697842	
0.2	12.0	10.0	0.9496402877697842	
0.2	12.0	100.0	0.9496402877697842	
0.2	12.0	Infinity	0.9496402877697842	
0.2	13.0	1.7976931348623157E308	0.947841726618705	
0.2	13.0	0.0010	0.947841726618705	
0.2	13.0	0.01	0.947841726618705	
0.2	13.0	0.1	0.947841726618705	
0.2	13.0	1.0	0.947841726618705	
0.2	13.0	10.0	0.947841726618705	
0.2	13.0	100.0	0.947841726618705	
0.2	13.0	Infinity	0.947841726618705	
0.2	14.0	1.7976931348623157E308	0.9496402877697842	
0.2	14.0	0.0010	0.9496402877697842	
0.2	14.0	0.01	0.9496402877697842	
0.2	14.0	0.1	0.9496402877697842	
0.2	14.0	1.0	0.9496402877697842	
0.2	14.0	10.0	0.9496402877697842	
0.2	14.0	100.0	0.9496402877697842	
0.2	14.0	Infinity	0.9496402877697842	
0.2	15.0	1.7976931348623157E308	0.9514388489208633	
0.2	15.0	0.0010	0.9514388489208633	
0.2	15.0	0.01	0.9514388489208633	
0.2	15.0	0.1	0.9514388489208633	
0.2	15.0	1.0	0.9514388489208633	
0.2	15.0	10.0	0.9514388489208633	
0.2	15.0	100.0	0.9514388489208633	
0.2	15.0	Infinity	0.9514388489208633	
0.2	16.0	1.7976931348623157E308	0.9532374100719424	
0.2	16.0	0.0010	0.9532374100719424	
0.2	16.0	0.01	0.9532374100719424	
0.2	16.0	0.1	0.9532374100719424	
0.2	16.0	1.0	0.9532374100719424	
0.2	16.0	10.0	0.9532374100719424	
0.2	16.0	100.0	0.9532374100719424	
0.2	16.0	Infinity	0.9532374100719424	
0.2	17.0	1.7976931348623157E308	0.9460431654676259	
0.2	17.0	0.0010	0.9460431654676259	
0.2	17.0	0.01	0.9460431654676259	
0.2	17.0	0.1	0.9460431654676259	
0.2	17.0	1.0	0.9460431654676259	
0.2	17.0	10.0	0.9460431654676259	
0.2	17.0	100.0	0.9460431654676259	
0.2	17.0	Infinity	0.9460431654676259	
0.2	18.0	1.7976931348623157E308	0.9442446043165468	
0.2	18.0	0.0010	0.9442446043165468	
0.2	18.0	0.01	0.9442446043165468	
0.2	18.0	0.1	0.9442446043165468	
0.2	18.0	1.0	0.9442446043165468	
0.2	18.0	10.0	0.9442446043165468	
0.2	18.0	100.0	0.9442446043165468	
0.2	18.0	Infinity	0.9442446043165468	
0.2	19.0	1.7976931348623157E308	0.9442446043165468	
0.2	19.0	0.0010	0.9442446043165468	
0.2	19.0	0.01	0.9442446043165468	
0.2	19.0	0.1	0.9442446043165468	
0.2	19.0	1.0	0.9442446043165468	
0.2	19.0	10.0	0.9442446043165468	
0.2	19.0	100.0	0.9442446043165468	
0.2	19.0	Infinity	0.9442446043165468	
0.2	20.0	1.7976931348623157E308	0.9424460431654677	
0.2	20.0	0.0010	0.9424460431654677	
0.2	20.0	0.01	0.9424460431654677	
0.2	20.0	0.1	0.9424460431654677	
0.2	20.0	1.0	0.9424460431654677	
0.2	20.0	10.0	0.9424460431654677	
0.2	20.0	100.0	0.9424460431654677	
0.2	20.0	Infinity	0.9424460431654677	
0.2	21.0	1.7976931348623157E308	0.9406474820143885	
0.2	21.0	0.0010	0.9406474820143885	
0.2	21.0	0.01	0.9406474820143885	
0.2	21.0	0.1	0.9406474820143885	
0.2	21.0	1.0	0.9406474820143885	
0.2	21.0	10.0	0.9406474820143885	
0.2	21.0	100.0	0.9406474820143885	
0.2	21.0	Infinity	0.9406474820143885	
0.2	22.0	1.7976931348623157E308	0.9388489208633094	
0.2	22.0	0.0010	0.9388489208633094	
0.2	22.0	0.01	0.9388489208633094	
0.2	22.0	0.1	0.9388489208633094	
0.2	22.0	1.0	0.9388489208633094	
0.2	22.0	10.0	0.9388489208633094	
0.2	22.0	100.0	0.9388489208633094	
0.2	22.0	Infinity	0.9388489208633094	
0.2	23.0	1.7976931348623157E308	0.9370503597122302	
0.2	23.0	0.0010	0.9370503597122302	
0.2	23.0	0.01	0.9370503597122302	
0.2	23.0	0.1	0.9370503597122302	
0.2	23.0	1.0	0.9370503597122302	
0.2	23.0	10.0	0.9370503597122302	
0.2	23.0	100.0	0.9370503597122302	
0.2	23.0	Infinity	0.9370503597122302	
0.2	24.0	1.7976931348623157E308	0.935251798561151	
0.2	24.0	0.0010	0.935251798561151	
0.2	24.0	0.01	0.935251798561151	
0.2	24.0	0.1	0.935251798561151	
0.2	24.0	1.0	0.935251798561151	
0.2	24.0	10.0	0.935251798561151	
0.2	24.0	100.0	0.935251798561151	
0.2	24.0	Infinity	0.935251798561151	
0.2	25.0	1.7976931348623157E308	0.9316546762589928	
0.2	25.0	0.0010	0.9316546762589928	
0.2	25.0	0.01	0.9316546762589928	
0.2	25.0	0.1	0.9316546762589928	
0.2	25.0	1.0	0.9316546762589928	
0.2	25.0	10.0	0.9316546762589928	
0.2	25.0	100.0	0.9316546762589928	
0.2	25.0	Infinity	0.9316546762589928	
0.2	26.0	1.7976931348623157E308	0.9298561151079137	
0.2	26.0	0.0010	0.9298561151079137	
0.2	26.0	0.01	0.9298561151079137	
0.2	26.0	0.1	0.9298561151079137	
0.2	26.0	1.0	0.9298561151079137	
0.2	26.0	10.0	0.9298561151079137	
0.2	26.0	100.0	0.9298561151079137	
0.2	26.0	Infinity	0.9298561151079137	
0.2	27.0	1.7976931348623157E308	0.9298561151079137	
0.2	27.0	0.0010	0.9298561151079137	
0.2	27.0	0.01	0.9298561151079137	
0.2	27.0	0.1	0.9298561151079137	
0.2	27.0	1.0	0.9298561151079137	
0.2	27.0	10.0	0.9298561151079137	
0.2	27.0	100.0	0.9298561151079137	
0.2	27.0	Infinity	0.9298561151079137	
0.2	28.0	1.7976931348623157E308	0.9262589928057554	
0.2	28.0	0.0010	0.9262589928057554	
0.2	28.0	0.01	0.9262589928057554	
0.2	28.0	0.1	0.9262589928057554	
0.2	28.0	1.0	0.9262589928057554	
0.2	28.0	10.0	0.9262589928057554	
0.2	28.0	100.0	0.9262589928057554	
0.2	28.0	Infinity	0.9262589928057554	
0.2	29.0	1.7976931348623157E308	0.9316546762589928	
0.2	29.0	0.0010	0.9316546762589928	
0.2	29.0	0.01	0.9316546762589928	
0.2	29.0	0.1	0.9316546762589928	
0.2	29.0	1.0	0.9316546762589928	
0.2	29.0	10.0	0.9316546762589928	
0.2	29.0	100.0	0.9316546762589928	
0.2	29.0	Infinity	0.9316546762589928	
0.2	30.0	1.7976931348623157E308	0.9262589928057554	
0.2	30.0	0.0010	0.9262589928057554	
0.2	30.0	0.01	0.9262589928057554	
0.2	30.0	0.1	0.9262589928057554	
0.2	30.0	1.0	0.9262589928057554	
0.2	30.0	10.0	0.9262589928057554	
0.2	30.0	100.0	0.9262589928057554	
0.2	30.0	Infinity	0.9262589928057554	
0.4	1.0	1.7976931348623157E308	0.9406474820143885	
0.4	1.0	0.0010	0.9406474820143885	
0.4	1.0	0.01	0.9406474820143885	
0.4	1.0	0.1	0.9406474820143885	
0.4	1.0	1.0	0.9406474820143885	
0.4	1.0	10.0	0.9406474820143885	
0.4	1.0	100.0	0.9406474820143885	
0.4	1.0	Infinity	0.9406474820143885	
0.4	2.0	1.7976931348623157E308	0.9406474820143885	
0.4	2.0	0.0010	0.9406474820143885	
0.4	2.0	0.01	0.9406474820143885	
0.4	2.0	0.1	0.9406474820143885	
0.4	2.0	1.0	0.9406474820143885	
0.4	2.0	10.0	0.9406474820143885	
0.4	2.0	100.0	0.9406474820143885	
0.4	2.0	Infinity	0.9406474820143885	
0.4	3.0	1.7976931348623157E308	0.947841726618705	
0.4	3.0	0.0010	0.947841726618705	
0.4	3.0	0.01	0.947841726618705	
0.4	3.0	0.1	0.947841726618705	
0.4	3.0	1.0	0.947841726618705	
0.4	3.0	10.0	0.947841726618705	
0.4	3.0	100.0	0.947841726618705	
0.4	3.0	Infinity	0.947841726618705	
0.4	4.0	1.7976931348623157E308	0.9496402877697842	
0.4	4.0	0.0010	0.9496402877697842	
0.4	4.0	0.01	0.9496402877697842	
0.4	4.0	0.1	0.9496402877697842	
0.4	4.0	1.0	0.9496402877697842	
0.4	4.0	10.0	0.9496402877697842	
0.4	4.0	100.0	0.9496402877697842	
0.4	4.0	Infinity	0.9496402877697842	
0.4	5.0	1.7976931348623157E308	0.9496402877697842	
0.4	5.0	0.0010	0.9496402877697842	
0.4	5.0	0.01	0.9496402877697842	
0.4	5.0	0.1	0.9496402877697842	
0.4	5.0	1.0	0.9496402877697842	
0.4	5.0	10.0	0.9496402877697842	
0.4	5.0	100.0	0.9496402877697842	
0.4	5.0	Infinity	0.9496402877697842	
0.4	6.0	1.7976931348623157E308	0.947841726618705	
0.4	6.0	0.0010	0.947841726618705	
0.4	6.0	0.01	0.947841726618705	
0.4	6.0	0.1	0.947841726618705	
0.4	6.0	1.0	0.947841726618705	
0.4	6.0	10.0	0.947841726618705	
0.4	6.0	100.0	0.947841726618705	
0.4	6.0	Infinity	0.947841726618705	
0.4	7.0	1.7976931348623157E308	0.9550359712230215	
0.4	7.0	0.0010	0.9550359712230215	
0.4	7.0	0.01	0.9550359712230215	
0.4	7.0	0.1	0.9550359712230215	
0.4	7.0	1.0	0.9550359712230215	
0.4	7.0	10.0	0.9550359712230215	
0.4	7.0	100.0	0.9550359712230215	
0.4	7.0	Infinity	0.9550359712230215	
0.4	8.0	1.7976931348623157E308	0.9550359712230215	
0.4	8.0	0.0010	0.9550359712230215	
0.4	8.0	0.01	0.9550359712230215	
0.4	8.0	0.1	0.9550359712230215	
0.4	8.0	1.0	0.9550359712230215	
0.4	8.0	10.0	0.9550359712230215	
0.4	8.0	100.0	0.9550359712230215	
0.4	8.0	Infinity	0.9550359712230215	
0.4	9.0	1.7976931348623157E308	0.960431654676259	
0.4	9.0	0.0010	0.960431654676259	
0.4	9.0	0.01	0.960431654676259	
0.4	9.0	0.1	0.960431654676259	
0.4	9.0	1.0	0.960431654676259	
0.4	9.0	10.0	0.960431654676259	
0.4	9.0	100.0	0.960431654676259	
0.4	9.0	Infinity	0.960431654676259	
0.4	10.0	1.7976931348623157E308	0.9514388489208633	
0.4	10.0	0.0010	0.9514388489208633	
0.4	10.0	0.01	0.9514388489208633	
0.4	10.0	0.1	0.9514388489208633	
0.4	10.0	1.0	0.9514388489208633	
0.4	10.0	10.0	0.9514388489208633	
0.4	10.0	100.0	0.9514388489208633	
0.4	10.0	Infinity	0.9514388489208633	
0.4	11.0	1.7976931348623157E308	0.9550359712230215	
0.4	11.0	0.0010	0.9550359712230215	
0.4	11.0	0.01	0.9550359712230215	
0.4	11.0	0.1	0.9550359712230215	
0.4	11.0	1.0	0.9550359712230215	
0.4	11.0	10.0	0.9550359712230215	
0.4	11.0	100.0	0.9550359712230215	
0.4	11.0	Infinity	0.9550359712230215	
0.4	12.0	1.7976931348623157E308	0.9532374100719424	
0.4	12.0	0.0010	0.9532374100719424	
0.4	12.0	0.01	0.9532374100719424	
0.4	12.0	0.1	0.9532374100719424	
0.4	12.0	1.0	0.9532374100719424	
0.4	12.0	10.0	0.9532374100719424	
0.4	12.0	100.0	0.9532374100719424	
0.4	12.0	Infinity	0.9532374100719424	
0.4	13.0	1.7976931348623157E308	0.9514388489208633	
0.4	13.0	0.0010	0.9514388489208633	
0.4	13.0	0.01	0.9514388489208633	
0.4	13.0	0.1	0.9514388489208633	
0.4	13.0	1.0	0.9514388489208633	
0.4	13.0	10.0	0.9514388489208633	
0.4	13.0	100.0	0.9514388489208633	
0.4	13.0	Infinity	0.9514388489208633	
0.4	14.0	1.7976931348623157E308	0.9532374100719424	
0.4	14.0	0.0010	0.9532374100719424	
0.4	14.0	0.01	0.9532374100719424	
0.4	14.0	0.1	0.9532374100719424	
0.4	14.0	1.0	0.9532374100719424	
0.4	14.0	10.0	0.9532374100719424	
0.4	14.0	100.0	0.9532374100719424	
0.4	14.0	Infinity	0.9532374100719424	
0.4	15.0	1.7976931348623157E308	0.9550359712230215	
0.4	15.0	0.0010	0.9550359712230215	
0.4	15.0	0.01	0.9550359712230215	
0.4	15.0	0.1	0.9550359712230215	
0.4	15.0	1.0	0.9550359712230215	
0.4	15.0	10.0	0.9550359712230215	
0.4	15.0	100.0	0.9550359712230215	
0.4	15.0	Infinity	0.9550359712230215	
0.4	16.0	1.7976931348623157E308	0.9568345323741008	
0.4	16.0	0.0010	0.9568345323741008	
0.4	16.0	0.01	0.9568345323741008	
0.4	16.0	0.1	0.9568345323741008	
0.4	16.0	1.0	0.9568345323741008	
0.4	16.0	10.0	0.9568345323741008	
0.4	16.0	100.0	0.9568345323741008	
0.4	16.0	Infinity	0.9568345323741008	
0.4	17.0	1.7976931348623157E308	0.9496402877697842	
0.4	17.0	0.0010	0.9496402877697842	
0.4	17.0	0.01	0.9496402877697842	
0.4	17.0	0.1	0.9496402877697842	
0.4	17.0	1.0	0.9496402877697842	
0.4	17.0	10.0	0.9496402877697842	
0.4	17.0	100.0	0.9496402877697842	
0.4	17.0	Infinity	0.9496402877697842	
0.4	18.0	1.7976931348623157E308	0.9442446043165468	
0.4	18.0	0.0010	0.9442446043165468	
0.4	18.0	0.01	0.9442446043165468	
0.4	18.0	0.1	0.9442446043165468	
0.4	18.0	1.0	0.9442446043165468	
0.4	18.0	10.0	0.9442446043165468	
0.4	18.0	100.0	0.9442446043165468	
0.4	18.0	Infinity	0.9442446043165468	
0.4	19.0	1.7976931348623157E308	0.9442446043165468	
0.4	19.0	0.0010	0.9442446043165468	
0.4	19.0	0.01	0.9442446043165468	
0.4	19.0	0.1	0.9442446043165468	
0.4	19.0	1.0	0.9442446043165468	
0.4	19.0	10.0	0.9442446043165468	
0.4	19.0	100.0	0.9442446043165468	
0.4	19.0	Infinity	0.9442446043165468	
0.4	20.0	1.7976931348623157E308	0.9424460431654677	
0.4	20.0	0.0010	0.9424460431654677	
0.4	20.0	0.01	0.9424460431654677	
0.4	20.0	0.1	0.9424460431654677	
0.4	20.0	1.0	0.9424460431654677	
0.4	20.0	10.0	0.9424460431654677	
0.4	20.0	100.0	0.9424460431654677	
0.4	20.0	Infinity	0.9424460431654677	
0.4	21.0	1.7976931348623157E308	0.9424460431654677	
0.4	21.0	0.0010	0.9424460431654677	
0.4	21.0	0.01	0.9424460431654677	
0.4	21.0	0.1	0.9424460431654677	
0.4	21.0	1.0	0.9424460431654677	
0.4	21.0	10.0	0.9424460431654677	
0.4	21.0	100.0	0.9424460431654677	
0.4	21.0	Infinity	0.9424460431654677	
0.4	22.0	1.7976931348623157E308	0.9388489208633094	
0.4	22.0	0.0010	0.9388489208633094	
0.4	22.0	0.01	0.9388489208633094	
0.4	22.0	0.1	0.9388489208633094	
0.4	22.0	1.0	0.9388489208633094	
0.4	22.0	10.0	0.9388489208633094	
0.4	22.0	100.0	0.9388489208633094	
0.4	22.0	Infinity	0.9388489208633094	
0.4	23.0	1.7976931348623157E308	0.9370503597122302	
0.4	23.0	0.0010	0.9370503597122302	
0.4	23.0	0.01	0.9370503597122302	
0.4	23.0	0.1	0.9370503597122302	
0.4	23.0	1.0	0.9370503597122302	
0.4	23.0	10.0	0.9370503597122302	
0.4	23.0	100.0	0.9370503597122302	
0.4	23.0	Infinity	0.9370503597122302	
0.4	24.0	1.7976931348623157E308	0.9388489208633094	
0.4	24.0	0.0010	0.9388489208633094	
0.4	24.0	0.01	0.9388489208633094	
0.4	24.0	0.1	0.9388489208633094	
0.4	24.0	1.0	0.9388489208633094	
0.4	24.0	10.0	0.9388489208633094	
0.4	24.0	100.0	0.9388489208633094	
0.4	24.0	Infinity	0.9388489208633094	
0.4	25.0	1.7976931348623157E308	0.9370503597122302	
0.4	25.0	0.0010	0.9370503597122302	
0.4	25.0	0.01	0.9370503597122302	
0.4	25.0	0.1	0.9370503597122302	
0.4	25.0	1.0	0.9370503597122302	
0.4	25.0	10.0	0.9370503597122302	
0.4	25.0	100.0	0.9370503597122302	
0.4	25.0	Infinity	0.9370503597122302	
0.4	26.0	1.7976931348623157E308	0.9334532374100719	
0.4	26.0	0.0010	0.9334532374100719	
0.4	26.0	0.01	0.9334532374100719	
0.4	26.0	0.1	0.9334532374100719	
0.4	26.0	1.0	0.9334532374100719	
0.4	26.0	10.0	0.9334532374100719	
0.4	26.0	100.0	0.9334532374100719	
0.4	26.0	Infinity	0.9334532374100719	
0.4	27.0	1.7976931348623157E308	0.9334532374100719	
0.4	27.0	0.0010	0.9334532374100719	
0.4	27.0	0.01	0.9334532374100719	
0.4	27.0	0.1	0.9334532374100719	
0.4	27.0	1.0	0.9334532374100719	
0.4	27.0	10.0	0.9334532374100719	
0.4	27.0	100.0	0.9334532374100719	
0.4	27.0	Infinity	0.9334532374100719	
0.4	28.0	1.7976931348623157E308	0.9334532374100719	
0.4	28.0	0.0010	0.9334532374100719	
0.4	28.0	0.01	0.9334532374100719	
0.4	28.0	0.1	0.9334532374100719	
0.4	28.0	1.0	0.9334532374100719	
0.4	28.0	10.0	0.9334532374100719	
0.4	28.0	100.0	0.9334532374100719	
0.4	28.0	Infinity	0.9334532374100719	
0.4	29.0	1.7976931348623157E308	0.935251798561151	
0.4	29.0	0.0010	0.935251798561151	
0.4	29.0	0.01	0.935251798561151	
0.4	29.0	0.1	0.935251798561151	
0.4	29.0	1.0	0.935251798561151	
0.4	29.0	10.0	0.935251798561151	
0.4	29.0	100.0	0.935251798561151	
0.4	29.0	Infinity	0.935251798561151	
0.4	30.0	1.7976931348623157E308	0.9334532374100719	
0.4	30.0	0.0010	0.9334532374100719	
0.4	30.0	0.01	0.9334532374100719	
0.4	30.0	0.1	0.9334532374100719	
0.4	30.0	1.0	0.9334532374100719	
0.4	30.0	10.0	0.9334532374100719	
0.4	30.0	100.0	0.9334532374100719	
0.4	30.0	Infinity	0.9334532374100719	
0.6	1.0	1.7976931348623157E308	0.9406474820143885	
0.6	1.0	0.0010	0.9406474820143885	
0.6	1.0	0.01	0.9406474820143885	
0.6	1.0	0.1	0.9406474820143885	
0.6	1.0	1.0	0.9406474820143885	
0.6	1.0	10.0	0.9406474820143885	
0.6	1.0	100.0	0.9406474820143885	
0.6	1.0	Infinity	0.9406474820143885	
0.6	2.0	1.7976931348623157E308	0.9406474820143885	
0.6	2.0	0.0010	0.9406474820143885	
0.6	2.0	0.01	0.9406474820143885	
0.6	2.0	0.1	0.9406474820143885	
0.6	2.0	1.0	0.9406474820143885	
0.6	2.0	10.0	0.9406474820143885	
0.6	2.0	100.0	0.9406474820143885	
0.6	2.0	Infinity	0.9406474820143885	
0.6	3.0	1.7976931348623157E308	0.947841726618705	
0.6	3.0	0.0010	0.947841726618705	
0.6	3.0	0.01	0.947841726618705	
0.6	3.0	0.1	0.947841726618705	
0.6	3.0	1.0	0.947841726618705	
0.6	3.0	10.0	0.947841726618705	
0.6	3.0	100.0	0.947841726618705	
0.6	3.0	Infinity	0.947841726618705	
0.6	4.0	1.7976931348623157E308	0.9496402877697842	
0.6	4.0	0.0010	0.9496402877697842	
0.6	4.0	0.01	0.9496402877697842	
0.6	4.0	0.1	0.9496402877697842	
0.6	4.0	1.0	0.9496402877697842	
0.6	4.0	10.0	0.9496402877697842	
0.6	4.0	100.0	0.9496402877697842	
0.6	4.0	Infinity	0.9496402877697842	
0.6	5.0	1.7976931348623157E308	0.9514388489208633	
0.6	5.0	0.0010	0.9514388489208633	
0.6	5.0	0.01	0.9514388489208633	
0.6	5.0	0.1	0.9514388489208633	
0.6	5.0	1.0	0.9514388489208633	
0.6	5.0	10.0	0.9514388489208633	
0.6	5.0	100.0	0.9514388489208633	
0.6	5.0	Infinity	0.9514388489208633	
0.6	6.0	1.7976931348623157E308	0.947841726618705	
0.6	6.0	0.0010	0.947841726618705	
0.6	6.0	0.01	0.947841726618705	
0.6	6.0	0.1	0.947841726618705	
0.6	6.0	1.0	0.947841726618705	
0.6	6.0	10.0	0.947841726618705	
0.6	6.0	100.0	0.947841726618705	
0.6	6.0	Infinity	0.947841726618705	
0.6	7.0	1.7976931348623157E308	0.9532374100719424	
0.6	7.0	0.0010	0.9532374100719424	
0.6	7.0	0.01	0.9532374100719424	
0.6	7.0	0.1	0.9532374100719424	
0.6	7.0	1.0	0.9532374100719424	
0.6	7.0	10.0	0.9532374100719424	
0.6	7.0	100.0	0.9532374100719424	
0.6	7.0	Infinity	0.9532374100719424	
0.6	8.0	1.7976931348623157E308	0.9550359712230215	
0.6	8.0	0.0010	0.9550359712230215	
0.6	8.0	0.01	0.9550359712230215	
0.6	8.0	0.1	0.9550359712230215	
0.6	8.0	1.0	0.9550359712230215	
0.6	8.0	10.0	0.9550359712230215	
0.6	8.0	100.0	0.9550359712230215	
0.6	8.0	Infinity	0.9550359712230215	
0.6	9.0	1.7976931348623157E308	0.960431654676259	
0.6	9.0	0.0010	0.960431654676259	
0.6	9.0	0.01	0.960431654676259	
0.6	9.0	0.1	0.960431654676259	
0.6	9.0	1.0	0.960431654676259	
0.6	9.0	10.0	0.960431654676259	
0.6	9.0	100.0	0.960431654676259	
0.6	9.0	Infinity	0.960431654676259	
0.6	10.0	1.7976931348623157E308	0.9514388489208633	
0.6	10.0	0.0010	0.9514388489208633	
0.6	10.0	0.01	0.9514388489208633	
0.6	10.0	0.1	0.9514388489208633	
0.6	10.0	1.0	0.9514388489208633	
0.6	10.0	10.0	0.9514388489208633	
0.6	10.0	100.0	0.9514388489208633	
0.6	10.0	Infinity	0.9514388489208633	
0.6	11.0	1.7976931348623157E308	0.9550359712230215	
0.6	11.0	0.0010	0.9550359712230215	
0.6	11.0	0.01	0.9550359712230215	
0.6	11.0	0.1	0.9550359712230215	
0.6	11.0	1.0	0.9550359712230215	
0.6	11.0	10.0	0.9550359712230215	
0.6	11.0	100.0	0.9550359712230215	
0.6	11.0	Infinity	0.9550359712230215	
0.6	12.0	1.7976931348623157E308	0.9532374100719424	
0.6	12.0	0.0010	0.9532374100719424	
0.6	12.0	0.01	0.9532374100719424	
0.6	12.0	0.1	0.9532374100719424	
0.6	12.0	1.0	0.9532374100719424	
0.6	12.0	10.0	0.9532374100719424	
0.6	12.0	100.0	0.9532374100719424	
0.6	12.0	Infinity	0.9532374100719424	
0.6	13.0	1.7976931348623157E308	0.9532374100719424	
0.6	13.0	0.0010	0.9532374100719424	
0.6	13.0	0.01	0.9532374100719424	
0.6	13.0	0.1	0.9532374100719424	
0.6	13.0	1.0	0.9532374100719424	
0.6	13.0	10.0	0.9532374100719424	
0.6	13.0	100.0	0.9532374100719424	
0.6	13.0	Infinity	0.9532374100719424	
0.6	14.0	1.7976931348623157E308	0.9532374100719424	
0.6	14.0	0.0010	0.9532374100719424	
0.6	14.0	0.01	0.9532374100719424	
0.6	14.0	0.1	0.9532374100719424	
0.6	14.0	1.0	0.9532374100719424	
0.6	14.0	10.0	0.9532374100719424	
0.6	14.0	100.0	0.9532374100719424	
0.6	14.0	Infinity	0.9532374100719424	
0.6	15.0	1.7976931348623157E308	0.9550359712230215	
0.6	15.0	0.0010	0.9550359712230215	
0.6	15.0	0.01	0.9550359712230215	
0.6	15.0	0.1	0.9550359712230215	
0.6	15.0	1.0	0.9550359712230215	
0.6	15.0	10.0	0.9550359712230215	
0.6	15.0	100.0	0.9550359712230215	
0.6	15.0	Infinity	0.9550359712230215	
0.6	16.0	1.7976931348623157E308	0.9568345323741008	
0.6	16.0	0.0010	0.9568345323741008	
0.6	16.0	0.01	0.9568345323741008	
0.6	16.0	0.1	0.9568345323741008	
0.6	16.0	1.0	0.9568345323741008	
0.6	16.0	10.0	0.9568345323741008	
0.6	16.0	100.0	0.9568345323741008	
0.6	16.0	Infinity	0.9568345323741008	
0.6	17.0	1.7976931348623157E308	0.9514388489208633	
0.6	17.0	0.0010	0.9514388489208633	
0.6	17.0	0.01	0.9514388489208633	
0.6	17.0	0.1	0.9514388489208633	
0.6	17.0	1.0	0.9514388489208633	
0.6	17.0	10.0	0.9514388489208633	
0.6	17.0	100.0	0.9514388489208633	
0.6	17.0	Infinity	0.9514388489208633	
0.6	18.0	1.7976931348623157E308	0.947841726618705	
0.6	18.0	0.0010	0.947841726618705	
0.6	18.0	0.01	0.947841726618705	
0.6	18.0	0.1	0.947841726618705	
0.6	18.0	1.0	0.947841726618705	
0.6	18.0	10.0	0.947841726618705	
0.6	18.0	100.0	0.947841726618705	
0.6	18.0	Infinity	0.947841726618705	
0.6	19.0	1.7976931348623157E308	0.9496402877697842	
0.6	19.0	0.0010	0.9496402877697842	
0.6	19.0	0.01	0.9496402877697842	
0.6	19.0	0.1	0.9496402877697842	
0.6	19.0	1.0	0.9496402877697842	
0.6	19.0	10.0	0.9496402877697842	
0.6	19.0	100.0	0.9496402877697842	
0.6	19.0	Infinity	0.9496402877697842	
0.6	20.0	1.7976931348623157E308	0.9460431654676259	
0.6	20.0	0.0010	0.9460431654676259	
0.6	20.0	0.01	0.9460431654676259	
0.6	20.0	0.1	0.9460431654676259	
0.6	20.0	1.0	0.9460431654676259	
0.6	20.0	10.0	0.9460431654676259	
0.6	20.0	100.0	0.9460431654676259	
0.6	20.0	Infinity	0.9460431654676259	
0.6	21.0	1.7976931348623157E308	0.9460431654676259	
0.6	21.0	0.0010	0.9460431654676259	
0.6	21.0	0.01	0.9460431654676259	
0.6	21.0	0.1	0.9460431654676259	
0.6	21.0	1.0	0.9460431654676259	
0.6	21.0	10.0	0.9460431654676259	
0.6	21.0	100.0	0.9460431654676259	
0.6	21.0	Infinity	0.9460431654676259	
0.6	22.0	1.7976931348623157E308	0.9424460431654677	
0.6	22.0	0.0010	0.9424460431654677	
0.6	22.0	0.01	0.9424460431654677	
0.6	22.0	0.1	0.9424460431654677	
0.6	22.0	1.0	0.9424460431654677	
0.6	22.0	10.0	0.9424460431654677	
0.6	22.0	100.0	0.9424460431654677	
0.6	22.0	Infinity	0.9424460431654677	
0.6	23.0	1.7976931348623157E308	0.9406474820143885	
0.6	23.0	0.0010	0.9406474820143885	
0.6	23.0	0.01	0.9406474820143885	
0.6	23.0	0.1	0.9406474820143885	
0.6	23.0	1.0	0.9406474820143885	
0.6	23.0	10.0	0.9406474820143885	
0.6	23.0	100.0	0.9406474820143885	
0.6	23.0	Infinity	0.9406474820143885	
0.6	24.0	1.7976931348623157E308	0.9424460431654677	
0.6	24.0	0.0010	0.9424460431654677	
0.6	24.0	0.01	0.9424460431654677	
0.6	24.0	0.1	0.9424460431654677	
0.6	24.0	1.0	0.9424460431654677	
0.6	24.0	10.0	0.9424460431654677	
0.6	24.0	100.0	0.9424460431654677	
0.6	24.0	Infinity	0.9424460431654677	
0.6	25.0	1.7976931348623157E308	0.9424460431654677	
0.6	25.0	0.0010	0.9424460431654677	
0.6	25.0	0.01	0.9424460431654677	
0.6	25.0	0.1	0.9424460431654677	
0.6	25.0	1.0	0.9424460431654677	
0.6	25.0	10.0	0.9424460431654677	
0.6	25.0	100.0	0.9424460431654677	
0.6	25.0	Infinity	0.9424460431654677	
0.6	26.0	1.7976931348623157E308	0.9388489208633094	
0.6	26.0	0.0010	0.9388489208633094	
0.6	26.0	0.01	0.9388489208633094	
0.6	26.0	0.1	0.9388489208633094	
0.6	26.0	1.0	0.9388489208633094	
0.6	26.0	10.0	0.9388489208633094	
0.6	26.0	100.0	0.9388489208633094	
0.6	26.0	Infinity	0.9388489208633094	
0.6	27.0	1.7976931348623157E308	0.9370503597122302	
0.6	27.0	0.0010	0.9370503597122302	
0.6	27.0	0.01	0.9370503597122302	
0.6	27.0	0.1	0.9370503597122302	
0.6	27.0	1.0	0.9370503597122302	
0.6	27.0	10.0	0.9370503597122302	
0.6	27.0	100.0	0.9370503597122302	
0.6	27.0	Infinity	0.9370503597122302	
0.6	28.0	1.7976931348623157E308	0.9370503597122302	
0.6	28.0	0.0010	0.9370503597122302	
0.6	28.0	0.01	0.9370503597122302	
0.6	28.0	0.1	0.9370503597122302	
0.6	28.0	1.0	0.9370503597122302	
0.6	28.0	10.0	0.9370503597122302	
0.6	28.0	100.0	0.9370503597122302	
0.6	28.0	Infinity	0.9370503597122302	
0.6	29.0	1.7976931348623157E308	0.9388489208633094	
0.6	29.0	0.0010	0.9388489208633094	
0.6	29.0	0.01	0.9388489208633094	
0.6	29.0	0.1	0.9388489208633094	
0.6	29.0	1.0	0.9388489208633094	
0.6	29.0	10.0	0.9388489208633094	
0.6	29.0	100.0	0.9388489208633094	
0.6	29.0	Infinity	0.9388489208633094	
0.6	30.0	1.7976931348623157E308	0.9370503597122302	
0.6	30.0	0.0010	0.9370503597122302	
0.6	30.0	0.01	0.9370503597122302	
0.6	30.0	0.1	0.9370503597122302	
0.6	30.0	1.0	0.9370503597122302	
0.6	30.0	10.0	0.9370503597122302	
0.6	30.0	100.0	0.9370503597122302	
0.6	30.0	Infinity	0.9370503597122302	
0.8	1.0	1.7976931348623157E308	0.9406474820143885	
0.8	1.0	0.0010	0.9406474820143885	
0.8	1.0	0.01	0.9406474820143885	
0.8	1.0	0.1	0.9406474820143885	
0.8	1.0	1.0	0.9406474820143885	
0.8	1.0	10.0	0.9406474820143885	
0.8	1.0	100.0	0.9406474820143885	
0.8	1.0	Infinity	0.9406474820143885	
0.8	2.0	1.7976931348623157E308	0.9406474820143885	
0.8	2.0	0.0010	0.9406474820143885	
0.8	2.0	0.01	0.9406474820143885	
0.8	2.0	0.1	0.9406474820143885	
0.8	2.0	1.0	0.9406474820143885	
0.8	2.0	10.0	0.9406474820143885	
0.8	2.0	100.0	0.9406474820143885	
0.8	2.0	Infinity	0.9406474820143885	
0.8	3.0	1.7976931348623157E308	0.947841726618705	
0.8	3.0	0.0010	0.947841726618705	
0.8	3.0	0.01	0.947841726618705	
0.8	3.0	0.1	0.947841726618705	
0.8	3.0	1.0	0.947841726618705	
0.8	3.0	10.0	0.947841726618705	
0.8	3.0	100.0	0.947841726618705	
0.8	3.0	Infinity	0.947841726618705	
0.8	4.0	1.7976931348623157E308	0.9496402877697842	
0.8	4.0	0.0010	0.9496402877697842	
0.8	4.0	0.01	0.9496402877697842	
0.8	4.0	0.1	0.9496402877697842	
0.8	4.0	1.0	0.9496402877697842	
0.8	4.0	10.0	0.9496402877697842	
0.8	4.0	100.0	0.9496402877697842	
0.8	4.0	Infinity	0.9496402877697842	
0.8	5.0	1.7976931348623157E308	0.9550359712230215	
0.8	5.0	0.0010	0.9550359712230215	
0.8	5.0	0.01	0.9550359712230215	
0.8	5.0	0.1	0.9550359712230215	
0.8	5.0	1.0	0.9550359712230215	
0.8	5.0	10.0	0.9550359712230215	
0.8	5.0	100.0	0.9550359712230215	
0.8	5.0	Infinity	0.9550359712230215	
0.8	6.0	1.7976931348623157E308	0.947841726618705	
0.8	6.0	0.0010	0.947841726618705	
0.8	6.0	0.01	0.947841726618705	
0.8	6.0	0.1	0.947841726618705	
0.8	6.0	1.0	0.947841726618705	
0.8	6.0	10.0	0.947841726618705	
0.8	6.0	100.0	0.947841726618705	
0.8	6.0	Infinity	0.947841726618705	
0.8	7.0	1.7976931348623157E308	0.9532374100719424	
0.8	7.0	0.0010	0.9532374100719424	
0.8	7.0	0.01	0.9532374100719424	
0.8	7.0	0.1	0.9532374100719424	
0.8	7.0	1.0	0.9532374100719424	
0.8	7.0	10.0	0.9532374100719424	
0.8	7.0	100.0	0.9532374100719424	
0.8	7.0	Infinity	0.9532374100719424	
0.8	8.0	1.7976931348623157E308	0.9532374100719424	
0.8	8.0	0.0010	0.9532374100719424	
0.8	8.0	0.01	0.9532374100719424	
0.8	8.0	0.1	0.9532374100719424	
0.8	8.0	1.0	0.9532374100719424	
0.8	8.0	10.0	0.9532374100719424	
0.8	8.0	100.0	0.9532374100719424	
0.8	8.0	Infinity	0.9532374100719424	
0.8	9.0	1.7976931348623157E308	0.9586330935251799	
0.8	9.0	0.0010	0.9586330935251799	
0.8	9.0	0.01	0.9586330935251799	
0.8	9.0	0.1	0.9586330935251799	
0.8	9.0	1.0	0.9586330935251799	
0.8	9.0	10.0	0.9586330935251799	
0.8	9.0	100.0	0.9586330935251799	
0.8	9.0	Infinity	0.9586330935251799	
0.8	10.0	1.7976931348623157E308	0.9514388489208633	
0.8	10.0	0.0010	0.9514388489208633	
0.8	10.0	0.01	0.9514388489208633	
0.8	10.0	0.1	0.9514388489208633	
0.8	10.0	1.0	0.9514388489208633	
0.8	10.0	10.0	0.9514388489208633	
0.8	10.0	100.0	0.9514388489208633	
0.8	10.0	Infinity	0.9514388489208633	
0.8	11.0	1.7976931348623157E308	0.9550359712230215	
0.8	11.0	0.0010	0.9550359712230215	
0.8	11.0	0.01	0.9550359712230215	
0.8	11.0	0.1	0.9550359712230215	
0.8	11.0	1.0	0.9550359712230215	
0.8	11.0	10.0	0.9550359712230215	
0.8	11.0	100.0	0.9550359712230215	
0.8	11.0	Infinity	0.9550359712230215	
0.8	12.0	1.7976931348623157E308	0.9550359712230215	
0.8	12.0	0.0010	0.9550359712230215	
0.8	12.0	0.01	0.9550359712230215	
0.8	12.0	0.1	0.9550359712230215	
0.8	12.0	1.0	0.9550359712230215	
0.8	12.0	10.0	0.9550359712230215	
0.8	12.0	100.0	0.9550359712230215	
0.8	12.0	Infinity	0.9550359712230215	
0.8	13.0	1.7976931348623157E308	0.9514388489208633	
0.8	13.0	0.0010	0.9514388489208633	
0.8	13.0	0.01	0.9514388489208633	
0.8	13.0	0.1	0.9514388489208633	
0.8	13.0	1.0	0.9514388489208633	
0.8	13.0	10.0	0.9514388489208633	
0.8	13.0	100.0	0.9514388489208633	
0.8	13.0	Infinity	0.9514388489208633	
0.8	14.0	1.7976931348623157E308	0.9550359712230215	
0.8	14.0	0.0010	0.9550359712230215	
0.8	14.0	0.01	0.9550359712230215	
0.8	14.0	0.1	0.9550359712230215	
0.8	14.0	1.0	0.9550359712230215	
0.8	14.0	10.0	0.9550359712230215	
0.8	14.0	100.0	0.9550359712230215	
0.8	14.0	Infinity	0.9550359712230215	
0.8	15.0	1.7976931348623157E308	0.9550359712230215	
0.8	15.0	0.0010	0.9550359712230215	
0.8	15.0	0.01	0.9550359712230215	
0.8	15.0	0.1	0.9550359712230215	
0.8	15.0	1.0	0.9550359712230215	
0.8	15.0	10.0	0.9550359712230215	
0.8	15.0	100.0	0.9550359712230215	
0.8	15.0	Infinity	0.9550359712230215	
0.8	16.0	1.7976931348623157E308	0.9568345323741008	
0.8	16.0	0.0010	0.9568345323741008	
0.8	16.0	0.01	0.9568345323741008	
0.8	16.0	0.1	0.9568345323741008	
0.8	16.0	1.0	0.9568345323741008	
0.8	16.0	10.0	0.9568345323741008	
0.8	16.0	100.0	0.9568345323741008	
0.8	16.0	Infinity	0.9568345323741008	
0.8	17.0	1.7976931348623157E308	0.9514388489208633	
0.8	17.0	0.0010	0.9514388489208633	
0.8	17.0	0.01	0.9514388489208633	
0.8	17.0	0.1	0.9514388489208633	
0.8	17.0	1.0	0.9514388489208633	
0.8	17.0	10.0	0.9514388489208633	
0.8	17.0	100.0	0.9514388489208633	
0.8	17.0	Infinity	0.9514388489208633	
0.8	18.0	1.7976931348623157E308	0.947841726618705	
0.8	18.0	0.0010	0.947841726618705	
0.8	18.0	0.01	0.947841726618705	
0.8	18.0	0.1	0.947841726618705	
0.8	18.0	1.0	0.947841726618705	
0.8	18.0	10.0	0.947841726618705	
0.8	18.0	100.0	0.947841726618705	
0.8	18.0	Infinity	0.947841726618705	
0.8	19.0	1.7976931348623157E308	0.9496402877697842	
0.8	19.0	0.0010	0.9496402877697842	
0.8	19.0	0.01	0.9496402877697842	
0.8	19.0	0.1	0.9496402877697842	
0.8	19.0	1.0	0.9496402877697842	
0.8	19.0	10.0	0.9496402877697842	
0.8	19.0	100.0	0.9496402877697842	
0.8	19.0	Infinity	0.9496402877697842	
0.8	20.0	1.7976931348623157E308	0.9460431654676259	
0.8	20.0	0.0010	0.9460431654676259	
0.8	20.0	0.01	0.9460431654676259	
0.8	20.0	0.1	0.9460431654676259	
0.8	20.0	1.0	0.9460431654676259	
0.8	20.0	10.0	0.9460431654676259	
0.8	20.0	100.0	0.9460431654676259	
0.8	20.0	Infinity	0.9460431654676259	
0.8	21.0	1.7976931348623157E308	0.9460431654676259	
0.8	21.0	0.0010	0.9460431654676259	
0.8	21.0	0.01	0.9460431654676259	
0.8	21.0	0.1	0.9460431654676259	
0.8	21.0	1.0	0.9460431654676259	
0.8	21.0	10.0	0.9460431654676259	
0.8	21.0	100.0	0.9460431654676259	
0.8	21.0	Infinity	0.9460431654676259	
0.8	22.0	1.7976931348623157E308	0.9442446043165468	
0.8	22.0	0.0010	0.9442446043165468	
0.8	22.0	0.01	0.9442446043165468	
0.8	22.0	0.1	0.9442446043165468	
0.8	22.0	1.0	0.9442446043165468	
0.8	22.0	10.0	0.9442446043165468	
0.8	22.0	100.0	0.9442446043165468	
0.8	22.0	Infinity	0.9442446043165468	
0.8	23.0	1.7976931348623157E308	0.9442446043165468	
0.8	23.0	0.0010	0.9442446043165468	
0.8	23.0	0.01	0.9442446043165468	
0.8	23.0	0.1	0.9442446043165468	
0.8	23.0	1.0	0.9442446043165468	
0.8	23.0	10.0	0.9442446043165468	
0.8	23.0	100.0	0.9442446043165468	
0.8	23.0	Infinity	0.9442446043165468	
0.8	24.0	1.7976931348623157E308	0.9424460431654677	
0.8	24.0	0.0010	0.9424460431654677	
0.8	24.0	0.01	0.9424460431654677	
0.8	24.0	0.1	0.9424460431654677	
0.8	24.0	1.0	0.9424460431654677	
0.8	24.0	10.0	0.9424460431654677	
0.8	24.0	100.0	0.9424460431654677	
0.8	24.0	Infinity	0.9424460431654677	
0.8	25.0	1.7976931348623157E308	0.9424460431654677	
0.8	25.0	0.0010	0.9424460431654677	
0.8	25.0	0.01	0.9424460431654677	
0.8	25.0	0.1	0.9424460431654677	
0.8	25.0	1.0	0.9424460431654677	
0.8	25.0	10.0	0.9424460431654677	
0.8	25.0	100.0	0.9424460431654677	
0.8	25.0	Infinity	0.9424460431654677	
0.8	26.0	1.7976931348623157E308	0.9406474820143885	
0.8	26.0	0.0010	0.9406474820143885	
0.8	26.0	0.01	0.9406474820143885	
0.8	26.0	0.1	0.9406474820143885	
0.8	26.0	1.0	0.9406474820143885	
0.8	26.0	10.0	0.9406474820143885	
0.8	26.0	100.0	0.9406474820143885	
0.8	26.0	Infinity	0.9406474820143885	
0.8	27.0	1.7976931348623157E308	0.9406474820143885	
0.8	27.0	0.0010	0.9406474820143885	
0.8	27.0	0.01	0.9406474820143885	
0.8	27.0	0.1	0.9406474820143885	
0.8	27.0	1.0	0.9406474820143885	
0.8	27.0	10.0	0.9406474820143885	
0.8	27.0	100.0	0.9406474820143885	
0.8	27.0	Infinity	0.9406474820143885	
0.8	28.0	1.7976931348623157E308	0.9388489208633094	
0.8	28.0	0.0010	0.9388489208633094	
0.8	28.0	0.01	0.9388489208633094	
0.8	28.0	0.1	0.9388489208633094	
0.8	28.0	1.0	0.9388489208633094	
0.8	28.0	10.0	0.9388489208633094	
0.8	28.0	100.0	0.9388489208633094	
0.8	28.0	Infinity	0.9388489208633094	
0.8	29.0	1.7976931348623157E308	0.9388489208633094	
0.8	29.0	0.0010	0.9388489208633094	
0.8	29.0	0.01	0.9388489208633094	
0.8	29.0	0.1	0.9388489208633094	
0.8	29.0	1.0	0.9388489208633094	
0.8	29.0	10.0	0.9388489208633094	
0.8	29.0	100.0	0.9388489208633094	
0.8	29.0	Infinity	0.9388489208633094	
0.8	30.0	1.7976931348623157E308	0.9370503597122302	
0.8	30.0	0.0010	0.9370503597122302	
0.8	30.0	0.01	0.9370503597122302	
0.8	30.0	0.1	0.9370503597122302	
0.8	30.0	1.0	0.9370503597122302	
0.8	30.0	10.0	0.9370503597122302	
0.8	30.0	100.0	0.9370503597122302	
0.8	30.0	Infinity	0.9370503597122302	
1.0	1.0	1.7976931348623157E308	0.9406474820143885	
1.0	1.0	0.0010	0.9406474820143885	
1.0	1.0	0.01	0.9406474820143885	
1.0	1.0	0.1	0.9406474820143885	
1.0	1.0	1.0	0.9406474820143885	
1.0	1.0	10.0	0.9406474820143885	
1.0	1.0	100.0	0.9406474820143885	
1.0	1.0	Infinity	0.9406474820143885	
1.0	2.0	1.7976931348623157E308	0.9406474820143885	
1.0	2.0	0.0010	0.9406474820143885	
1.0	2.0	0.01	0.9406474820143885	
1.0	2.0	0.1	0.9406474820143885	
1.0	2.0	1.0	0.9406474820143885	
1.0	2.0	10.0	0.9406474820143885	
1.0	2.0	100.0	0.9406474820143885	
1.0	2.0	Infinity	0.9406474820143885	
1.0	3.0	1.7976931348623157E308	0.9496402877697842	
1.0	3.0	0.0010	0.9496402877697842	
1.0	3.0	0.01	0.9496402877697842	
1.0	3.0	0.1	0.9496402877697842	
1.0	3.0	1.0	0.9496402877697842	
1.0	3.0	10.0	0.9496402877697842	
1.0	3.0	100.0	0.9496402877697842	
1.0	3.0	Infinity	0.9496402877697842	
1.0	4.0	1.7976931348623157E308	0.9496402877697842	
1.0	4.0	0.0010	0.9496402877697842	
1.0	4.0	0.01	0.9496402877697842	
1.0	4.0	0.1	0.9496402877697842	
1.0	4.0	1.0	0.9496402877697842	
1.0	4.0	10.0	0.9496402877697842	
1.0	4.0	100.0	0.9496402877697842	
1.0	4.0	Infinity	0.9496402877697842	
1.0	5.0	1.7976931348623157E308	0.9550359712230215	
1.0	5.0	0.0010	0.9550359712230215	
1.0	5.0	0.01	0.9550359712230215	
1.0	5.0	0.1	0.9550359712230215	
1.0	5.0	1.0	0.9550359712230215	
1.0	5.0	10.0	0.9550359712230215	
1.0	5.0	100.0	0.9550359712230215	
1.0	5.0	Infinity	0.9550359712230215	
1.0	6.0	1.7976931348623157E308	0.9496402877697842	
1.0	6.0	0.0010	0.9496402877697842	
1.0	6.0	0.01	0.9496402877697842	
1.0	6.0	0.1	0.9496402877697842	
1.0	6.0	1.0	0.9496402877697842	
1.0	6.0	10.0	0.9496402877697842	
1.0	6.0	100.0	0.9496402877697842	
1.0	6.0	Infinity	0.9496402877697842	
1.0	7.0	1.7976931348623157E308	0.9514388489208633	
1.0	7.0	0.0010	0.9514388489208633	
1.0	7.0	0.01	0.9514388489208633	
1.0	7.0	0.1	0.9514388489208633	
1.0	7.0	1.0	0.9514388489208633	
1.0	7.0	10.0	0.9514388489208633	
1.0	7.0	100.0	0.9514388489208633	
1.0	7.0	Infinity	0.9514388489208633	
1.0	8.0	1.7976931348623157E308	0.9514388489208633	
1.0	8.0	0.0010	0.9514388489208633	
1.0	8.0	0.01	0.9514388489208633	
1.0	8.0	0.1	0.9514388489208633	
1.0	8.0	1.0	0.9514388489208633	
1.0	8.0	10.0	0.9514388489208633	
1.0	8.0	100.0	0.9514388489208633	
1.0	8.0	Infinity	0.9514388489208633	
1.0	9.0	1.7976931348623157E308	0.9550359712230215	
1.0	9.0	0.0010	0.9550359712230215	
1.0	9.0	0.01	0.9550359712230215	
1.0	9.0	0.1	0.9550359712230215	
1.0	9.0	1.0	0.9550359712230215	
1.0	9.0	10.0	0.9550359712230215	
1.0	9.0	100.0	0.9550359712230215	
1.0	9.0	Infinity	0.9550359712230215	
1.0	10.0	1.7976931348623157E308	0.9514388489208633	
1.0	10.0	0.0010	0.9514388489208633	
1.0	10.0	0.01	0.9514388489208633	
1.0	10.0	0.1	0.9514388489208633	
1.0	10.0	1.0	0.9514388489208633	
1.0	10.0	10.0	0.9514388489208633	
1.0	10.0	100.0	0.9514388489208633	
1.0	10.0	Infinity	0.9514388489208633	
1.0	11.0	1.7976931348623157E308	0.9532374100719424	
1.0	11.0	0.0010	0.9532374100719424	
1.0	11.0	0.01	0.9532374100719424	
1.0	11.0	0.1	0.9532374100719424	
1.0	11.0	1.0	0.9532374100719424	
1.0	11.0	10.0	0.9532374100719424	
1.0	11.0	100.0	0.9532374100719424	
1.0	11.0	Infinity	0.9532374100719424	
1.0	12.0	1.7976931348623157E308	0.9550359712230215	
1.0	12.0	0.0010	0.9550359712230215	
1.0	12.0	0.01	0.9550359712230215	
1.0	12.0	0.1	0.9550359712230215	
1.0	12.0	1.0	0.9550359712230215	
1.0	12.0	10.0	0.9550359712230215	
1.0	12.0	100.0	0.9550359712230215	
1.0	12.0	Infinity	0.9550359712230215	
1.0	13.0	1.7976931348623157E308	0.9496402877697842	
1.0	13.0	0.0010	0.9496402877697842	
1.0	13.0	0.01	0.9496402877697842	
1.0	13.0	0.1	0.9496402877697842	
1.0	13.0	1.0	0.9496402877697842	
1.0	13.0	10.0	0.9496402877697842	
1.0	13.0	100.0	0.9496402877697842	
1.0	13.0	Infinity	0.9496402877697842	
1.0	14.0	1.7976931348623157E308	0.9568345323741008	
1.0	14.0	0.0010	0.9568345323741008	
1.0	14.0	0.01	0.9568345323741008	
1.0	14.0	0.1	0.9568345323741008	
1.0	14.0	1.0	0.9568345323741008	
1.0	14.0	10.0	0.9568345323741008	
1.0	14.0	100.0	0.9568345323741008	
1.0	14.0	Infinity	0.9568345323741008	
1.0	15.0	1.7976931348623157E308	0.9532374100719424	
1.0	15.0	0.0010	0.9532374100719424	
1.0	15.0	0.01	0.9532374100719424	
1.0	15.0	0.1	0.9532374100719424	
1.0	15.0	1.0	0.9532374100719424	
1.0	15.0	10.0	0.9532374100719424	
1.0	15.0	100.0	0.9532374100719424	
1.0	15.0	Infinity	0.9532374100719424	
1.0	16.0	1.7976931348623157E308	0.9586330935251799	
1.0	16.0	0.0010	0.9586330935251799	
1.0	16.0	0.01	0.9586330935251799	
1.0	16.0	0.1	0.9586330935251799	
1.0	16.0	1.0	0.9586330935251799	
1.0	16.0	10.0	0.9586330935251799	
1.0	16.0	100.0	0.9586330935251799	
1.0	16.0	Infinity	0.9586330935251799	
1.0	17.0	1.7976931348623157E308	0.9532374100719424	
1.0	17.0	0.0010	0.9532374100719424	
1.0	17.0	0.01	0.9532374100719424	
1.0	17.0	0.1	0.9532374100719424	
1.0	17.0	1.0	0.9532374100719424	
1.0	17.0	10.0	0.9532374100719424	
1.0	17.0	100.0	0.9532374100719424	
1.0	17.0	Infinity	0.9532374100719424	
1.0	18.0	1.7976931348623157E308	0.9496402877697842	
1.0	18.0	0.0010	0.9496402877697842	
1.0	18.0	0.01	0.9496402877697842	
1.0	18.0	0.1	0.9496402877697842	
1.0	18.0	1.0	0.9496402877697842	
1.0	18.0	10.0	0.9496402877697842	
1.0	18.0	100.0	0.9496402877697842	
1.0	18.0	Infinity	0.9496402877697842	
1.0	19.0	1.7976931348623157E308	0.9496402877697842	
1.0	19.0	0.0010	0.9496402877697842	
1.0	19.0	0.01	0.9496402877697842	
1.0	19.0	0.1	0.9496402877697842	
1.0	19.0	1.0	0.9496402877697842	
1.0	19.0	10.0	0.9496402877697842	
1.0	19.0	100.0	0.9496402877697842	
1.0	19.0	Infinity	0.9496402877697842	
1.0	20.0	1.7976931348623157E308	0.947841726618705	
1.0	20.0	0.0010	0.947841726618705	
1.0	20.0	0.01	0.947841726618705	
1.0	20.0	0.1	0.947841726618705	
1.0	20.0	1.0	0.947841726618705	
1.0	20.0	10.0	0.947841726618705	
1.0	20.0	100.0	0.947841726618705	
1.0	20.0	Infinity	0.947841726618705	
1.0	21.0	1.7976931348623157E308	0.9460431654676259	
1.0	21.0	0.0010	0.9460431654676259	
1.0	21.0	0.01	0.9460431654676259	
1.0	21.0	0.1	0.9460431654676259	
1.0	21.0	1.0	0.9460431654676259	
1.0	21.0	10.0	0.9460431654676259	
1.0	21.0	100.0	0.9460431654676259	
1.0	21.0	Infinity	0.9460431654676259	
1.0	22.0	1.7976931348623157E308	0.9442446043165468	
1.0	22.0	0.0010	0.9442446043165468	
1.0	22.0	0.01	0.9442446043165468	
1.0	22.0	0.1	0.9442446043165468	
1.0	22.0	1.0	0.9442446043165468	
1.0	22.0	10.0	0.9442446043165468	
1.0	22.0	100.0	0.9442446043165468	
1.0	22.0	Infinity	0.9442446043165468	
1.0	23.0	1.7976931348623157E308	0.9442446043165468	
1.0	23.0	0.0010	0.9442446043165468	
1.0	23.0	0.01	0.9442446043165468	
1.0	23.0	0.1	0.9442446043165468	
1.0	23.0	1.0	0.9442446043165468	
1.0	23.0	10.0	0.9442446043165468	
1.0	23.0	100.0	0.9442446043165468	
1.0	23.0	Infinity	0.9442446043165468	
1.0	24.0	1.7976931348623157E308	0.9442446043165468	
1.0	24.0	0.0010	0.9442446043165468	
1.0	24.0	0.01	0.9442446043165468	
1.0	24.0	0.1	0.9442446043165468	
1.0	24.0	1.0	0.9442446043165468	
1.0	24.0	10.0	0.9442446043165468	
1.0	24.0	100.0	0.9442446043165468	
1.0	24.0	Infinity	0.9442446043165468	
1.0	25.0	1.7976931348623157E308	0.9424460431654677	
1.0	25.0	0.0010	0.9424460431654677	
1.0	25.0	0.01	0.9424460431654677	
1.0	25.0	0.1	0.9424460431654677	
1.0	25.0	1.0	0.9424460431654677	
1.0	25.0	10.0	0.9424460431654677	
1.0	25.0	100.0	0.9424460431654677	
1.0	25.0	Infinity	0.9424460431654677	
1.0	26.0	1.7976931348623157E308	0.9424460431654677	
1.0	26.0	0.0010	0.9424460431654677	
1.0	26.0	0.01	0.9424460431654677	
1.0	26.0	0.1	0.9424460431654677	
1.0	26.0	1.0	0.9424460431654677	
1.0	26.0	10.0	0.9424460431654677	
1.0	26.0	100.0	0.9424460431654677	
1.0	26.0	Infinity	0.9424460431654677	
1.0	27.0	1.7976931348623157E308	0.9406474820143885	
1.0	27.0	0.0010	0.9406474820143885	
1.0	27.0	0.01	0.9406474820143885	
1.0	27.0	0.1	0.9406474820143885	
1.0	27.0	1.0	0.9406474820143885	
1.0	27.0	10.0	0.9406474820143885	
1.0	27.0	100.0	0.9406474820143885	
1.0	27.0	Infinity	0.9406474820143885	
1.0	28.0	1.7976931348623157E308	0.9406474820143885	
1.0	28.0	0.0010	0.9406474820143885	
1.0	28.0	0.01	0.9406474820143885	
1.0	28.0	0.1	0.9406474820143885	
1.0	28.0	1.0	0.9406474820143885	
1.0	28.0	10.0	0.9406474820143885	
1.0	28.0	100.0	0.9406474820143885	
1.0	28.0	Infinity	0.9406474820143885	
1.0	29.0	1.7976931348623157E308	0.9442446043165468	
1.0	29.0	0.0010	0.9442446043165468	
1.0	29.0	0.01	0.9442446043165468	
1.0	29.0	0.1	0.9442446043165468	
1.0	29.0	1.0	0.9442446043165468	
1.0	29.0	10.0	0.9442446043165468	
1.0	29.0	100.0	0.9442446043165468	
1.0	29.0	Infinity	0.9442446043165468	
1.0	30.0	1.7976931348623157E308	0.9388489208633094	
1.0	30.0	0.0010	0.9388489208633094	
1.0	30.0	0.01	0.9388489208633094	
1.0	30.0	0.1	0.9388489208633094	
1.0	30.0	1.0	0.9388489208633094	
1.0	30.0	10.0	0.9388489208633094	
1.0	30.0	100.0	0.9388489208633094	
1.0	30.0	Infinity	0.9388489208633094	
1.2	1.0	1.7976931348623157E308	0.9406474820143885	
1.2	1.0	0.0010	0.9406474820143885	
1.2	1.0	0.01	0.9406474820143885	
1.2	1.0	0.1	0.9406474820143885	
1.2	1.0	1.0	0.9406474820143885	
1.2	1.0	10.0	0.9406474820143885	
1.2	1.0	100.0	0.9406474820143885	
1.2	1.0	Infinity	0.9406474820143885	
1.2	2.0	1.7976931348623157E308	0.9406474820143885	
1.2	2.0	0.0010	0.9406474820143885	
1.2	2.0	0.01	0.9406474820143885	
1.2	2.0	0.1	0.9406474820143885	
1.2	2.0	1.0	0.9406474820143885	
1.2	2.0	10.0	0.9406474820143885	
1.2	2.0	100.0	0.9406474820143885	
1.2	2.0	Infinity	0.9406474820143885	
1.2	3.0	1.7976931348623157E308	0.947841726618705	
1.2	3.0	0.0010	0.947841726618705	
1.2	3.0	0.01	0.947841726618705	
1.2	3.0	0.1	0.947841726618705	
1.2	3.0	1.0	0.947841726618705	
1.2	3.0	10.0	0.947841726618705	
1.2	3.0	100.0	0.947841726618705	
1.2	3.0	Infinity	0.947841726618705	
1.2	4.0	1.7976931348623157E308	0.9496402877697842	
1.2	4.0	0.0010	0.9496402877697842	
1.2	4.0	0.01	0.9496402877697842	
1.2	4.0	0.1	0.9496402877697842	
1.2	4.0	1.0	0.9496402877697842	
1.2	4.0	10.0	0.9496402877697842	
1.2	4.0	100.0	0.9496402877697842	
1.2	4.0	Infinity	0.9496402877697842	
1.2	5.0	1.7976931348623157E308	0.9550359712230215	
1.2	5.0	0.0010	0.9550359712230215	
1.2	5.0	0.01	0.9550359712230215	
1.2	5.0	0.1	0.9550359712230215	
1.2	5.0	1.0	0.9550359712230215	
1.2	5.0	10.0	0.9550359712230215	
1.2	5.0	100.0	0.9550359712230215	
1.2	5.0	Infinity	0.9550359712230215	
1.2	6.0	1.7976931348623157E308	0.9514388489208633	
1.2	6.0	0.0010	0.9514388489208633	
1.2	6.0	0.01	0.9514388489208633	
1.2	6.0	0.1	0.9514388489208633	
1.2	6.0	1.0	0.9514388489208633	
1.2	6.0	10.0	0.9514388489208633	
1.2	6.0	100.0	0.9514388489208633	
1.2	6.0	Infinity	0.9514388489208633	
1.2	7.0	1.7976931348623157E308	0.9532374100719424	
1.2	7.0	0.0010	0.9532374100719424	
1.2	7.0	0.01	0.9532374100719424	
1.2	7.0	0.1	0.9532374100719424	
1.2	7.0	1.0	0.9532374100719424	
1.2	7.0	10.0	0.9532374100719424	
1.2	7.0	100.0	0.9532374100719424	
1.2	7.0	Infinity	0.9532374100719424	
1.2	8.0	1.7976931348623157E308	0.9514388489208633	
1.2	8.0	0.0010	0.9514388489208633	
1.2	8.0	0.01	0.9514388489208633	
1.2	8.0	0.1	0.9514388489208633	
1.2	8.0	1.0	0.9514388489208633	
1.2	8.0	10.0	0.9514388489208633	
1.2	8.0	100.0	0.9514388489208633	
1.2	8.0	Infinity	0.9514388489208633	
1.2	9.0	1.7976931348623157E308	0.9550359712230215	
1.2	9.0	0.0010	0.9550359712230215	
1.2	9.0	0.01	0.9550359712230215	
1.2	9.0	0.1	0.9550359712230215	
1.2	9.0	1.0	0.9550359712230215	
1.2	9.0	10.0	0.9550359712230215	
1.2	9.0	100.0	0.9550359712230215	
1.2	9.0	Infinity	0.9550359712230215	
1.2	10.0	1.7976931348623157E308	0.9514388489208633	
1.2	10.0	0.0010	0.9514388489208633	
1.2	10.0	0.01	0.9514388489208633	
1.2	10.0	0.1	0.9514388489208633	
1.2	10.0	1.0	0.9514388489208633	
1.2	10.0	10.0	0.9514388489208633	
1.2	10.0	100.0	0.9514388489208633	
1.2	10.0	Infinity	0.9514388489208633	
1.2	11.0	1.7976931348623157E308	0.9532374100719424	
1.2	11.0	0.0010	0.9532374100719424	
1.2	11.0	0.01	0.9532374100719424	
1.2	11.0	0.1	0.9532374100719424	
1.2	11.0	1.0	0.9532374100719424	
1.2	11.0	10.0	0.9532374100719424	
1.2	11.0	100.0	0.9532374100719424	
1.2	11.0	Infinity	0.9532374100719424	
1.2	12.0	1.7976931348623157E308	0.9532374100719424	
1.2	12.0	0.0010	0.9532374100719424	
1.2	12.0	0.01	0.9532374100719424	
1.2	12.0	0.1	0.9532374100719424	
1.2	12.0	1.0	0.9532374100719424	
1.2	12.0	10.0	0.9532374100719424	
1.2	12.0	100.0	0.9532374100719424	
1.2	12.0	Infinity	0.9532374100719424	
1.2	13.0	1.7976931348623157E308	0.9514388489208633	
1.2	13.0	0.0010	0.9514388489208633	
1.2	13.0	0.01	0.9514388489208633	
1.2	13.0	0.1	0.9514388489208633	
1.2	13.0	1.0	0.9514388489208633	
1.2	13.0	10.0	0.9514388489208633	
1.2	13.0	100.0	0.9514388489208633	
1.2	13.0	Infinity	0.9514388489208633	
1.2	14.0	1.7976931348623157E308	0.9568345323741008	
1.2	14.0	0.0010	0.9568345323741008	
1.2	14.0	0.01	0.9568345323741008	
1.2	14.0	0.1	0.9568345323741008	
1.2	14.0	1.0	0.9568345323741008	
1.2	14.0	10.0	0.9568345323741008	
1.2	14.0	100.0	0.9568345323741008	
1.2	14.0	Infinity	0.9568345323741008	
1.2	15.0	1.7976931348623157E308	0.9550359712230215	
1.2	15.0	0.0010	0.9550359712230215	
1.2	15.0	0.01	0.9550359712230215	
1.2	15.0	0.1	0.9550359712230215	
1.2	15.0	1.0	0.9550359712230215	
1.2	15.0	10.0	0.9550359712230215	
1.2	15.0	100.0	0.9550359712230215	
1.2	15.0	Infinity	0.9550359712230215	
1.2	16.0	1.7976931348623157E308	0.9586330935251799	
1.2	16.0	0.0010	0.9586330935251799	
1.2	16.0	0.01	0.9586330935251799	
1.2	16.0	0.1	0.9586330935251799	
1.2	16.0	1.0	0.9586330935251799	
1.2	16.0	10.0	0.9586330935251799	
1.2	16.0	100.0	0.9586330935251799	
1.2	16.0	Infinity	0.9586330935251799	
1.2	17.0	1.7976931348623157E308	0.9550359712230215	
1.2	17.0	0.0010	0.9550359712230215	
1.2	17.0	0.01	0.9550359712230215	
1.2	17.0	0.1	0.9550359712230215	
1.2	17.0	1.0	0.9550359712230215	
1.2	17.0	10.0	0.9550359712230215	
1.2	17.0	100.0	0.9550359712230215	
1.2	17.0	Infinity	0.9550359712230215	
1.2	18.0	1.7976931348623157E308	0.9496402877697842	
1.2	18.0	0.0010	0.9496402877697842	
1.2	18.0	0.01	0.9496402877697842	
1.2	18.0	0.1	0.9496402877697842	
1.2	18.0	1.0	0.9496402877697842	
1.2	18.0	10.0	0.9496402877697842	
1.2	18.0	100.0	0.9496402877697842	
1.2	18.0	Infinity	0.9496402877697842	
1.2	19.0	1.7976931348623157E308	0.9496402877697842	
1.2	19.0	0.0010	0.9496402877697842	
1.2	19.0	0.01	0.9496402877697842	
1.2	19.0	0.1	0.9496402877697842	
1.2	19.0	1.0	0.9496402877697842	
1.2	19.0	10.0	0.9496402877697842	
1.2	19.0	100.0	0.9496402877697842	
1.2	19.0	Infinity	0.9496402877697842	
1.2	20.0	1.7976931348623157E308	0.947841726618705	
1.2	20.0	0.0010	0.947841726618705	
1.2	20.0	0.01	0.947841726618705	
1.2	20.0	0.1	0.947841726618705	
1.2	20.0	1.0	0.947841726618705	
1.2	20.0	10.0	0.947841726618705	
1.2	20.0	100.0	0.947841726618705	
1.2	20.0	Infinity	0.947841726618705	
1.2	21.0	1.7976931348623157E308	0.9460431654676259	
1.2	21.0	0.0010	0.9460431654676259	
1.2	21.0	0.01	0.9460431654676259	
1.2	21.0	0.1	0.9460431654676259	
1.2	21.0	1.0	0.9460431654676259	
1.2	21.0	10.0	0.9460431654676259	
1.2	21.0	100.0	0.9460431654676259	
1.2	21.0	Infinity	0.9460431654676259	
1.2	22.0	1.7976931348623157E308	0.9442446043165468	
1.2	22.0	0.0010	0.9442446043165468	
1.2	22.0	0.01	0.9442446043165468	
1.2	22.0	0.1	0.9442446043165468	
1.2	22.0	1.0	0.9442446043165468	
1.2	22.0	10.0	0.9442446043165468	
1.2	22.0	100.0	0.9442446043165468	
1.2	22.0	Infinity	0.9442446043165468	
1.2	23.0	1.7976931348623157E308	0.9442446043165468	
1.2	23.0	0.0010	0.9442446043165468	
1.2	23.0	0.01	0.9442446043165468	
1.2	23.0	0.1	0.9442446043165468	
1.2	23.0	1.0	0.9442446043165468	
1.2	23.0	10.0	0.9442446043165468	
1.2	23.0	100.0	0.9442446043165468	
1.2	23.0	Infinity	0.9442446043165468	
1.2	24.0	1.7976931348623157E308	0.9460431654676259	
1.2	24.0	0.0010	0.9460431654676259	
1.2	24.0	0.01	0.9460431654676259	
1.2	24.0	0.1	0.9460431654676259	
1.2	24.0	1.0	0.9460431654676259	
1.2	24.0	10.0	0.9460431654676259	
1.2	24.0	100.0	0.9460431654676259	
1.2	24.0	Infinity	0.9460431654676259	
1.2	25.0	1.7976931348623157E308	0.9442446043165468	
1.2	25.0	0.0010	0.9442446043165468	
1.2	25.0	0.01	0.9442446043165468	
1.2	25.0	0.1	0.9442446043165468	
1.2	25.0	1.0	0.9442446043165468	
1.2	25.0	10.0	0.9442446043165468	
1.2	25.0	100.0	0.9442446043165468	
1.2	25.0	Infinity	0.9442446043165468	
1.2	26.0	1.7976931348623157E308	0.9424460431654677	
1.2	26.0	0.0010	0.9424460431654677	
1.2	26.0	0.01	0.9424460431654677	
1.2	26.0	0.1	0.9424460431654677	
1.2	26.0	1.0	0.9424460431654677	
1.2	26.0	10.0	0.9424460431654677	
1.2	26.0	100.0	0.9424460431654677	
1.2	26.0	Infinity	0.9424460431654677	
1.2	27.0	1.7976931348623157E308	0.9406474820143885	
1.2	27.0	0.0010	0.9406474820143885	
1.2	27.0	0.01	0.9406474820143885	
1.2	27.0	0.1	0.9406474820143885	
1.2	27.0	1.0	0.9406474820143885	
1.2	27.0	10.0	0.9406474820143885	
1.2	27.0	100.0	0.9406474820143885	
1.2	27.0	Infinity	0.9406474820143885	
1.2	28.0	1.7976931348623157E308	0.9424460431654677	
1.2	28.0	0.0010	0.9424460431654677	
1.2	28.0	0.01	0.9424460431654677	
1.2	28.0	0.1	0.9424460431654677	
1.2	28.0	1.0	0.9424460431654677	
1.2	28.0	10.0	0.9424460431654677	
1.2	28.0	100.0	0.9424460431654677	
1.2	28.0	Infinity	0.9424460431654677	
1.2	29.0	1.7976931348623157E308	0.9424460431654677	
1.2	29.0	0.0010	0.9424460431654677	
1.2	29.0	0.01	0.9424460431654677	
1.2	29.0	0.1	0.9424460431654677	
1.2	29.0	1.0	0.9424460431654677	
1.2	29.0	10.0	0.9424460431654677	
1.2	29.0	100.0	0.9424460431654677	
1.2	29.0	Infinity	0.9424460431654677	
1.2	30.0	1.7976931348623157E308	0.9406474820143885	
1.2	30.0	0.0010	0.9406474820143885	
1.2	30.0	0.01	0.9406474820143885	
1.2	30.0	0.1	0.9406474820143885	
1.2	30.0	1.0	0.9406474820143885	
1.2	30.0	10.0	0.9406474820143885	
1.2	30.0	100.0	0.9406474820143885	
1.2	30.0	Infinity	0.9406474820143885	
1.4	1.0	1.7976931348623157E308	0.9406474820143885	
1.4	1.0	0.0010	0.9406474820143885	
1.4	1.0	0.01	0.9406474820143885	
1.4	1.0	0.1	0.9406474820143885	
1.4	1.0	1.0	0.9406474820143885	
1.4	1.0	10.0	0.9406474820143885	
1.4	1.0	100.0	0.9406474820143885	
1.4	1.0	Infinity	0.9406474820143885	
1.4	2.0	1.7976931348623157E308	0.9406474820143885	
1.4	2.0	0.0010	0.9406474820143885	
1.4	2.0	0.01	0.9406474820143885	
1.4	2.0	0.1	0.9406474820143885	
1.4	2.0	1.0	0.9406474820143885	
1.4	2.0	10.0	0.9406474820143885	
1.4	2.0	100.0	0.9406474820143885	
1.4	2.0	Infinity	0.9406474820143885	
1.4	3.0	1.7976931348623157E308	0.947841726618705	
1.4	3.0	0.0010	0.947841726618705	
1.4	3.0	0.01	0.947841726618705	
1.4	3.0	0.1	0.947841726618705	
1.4	3.0	1.0	0.947841726618705	
1.4	3.0	10.0	0.947841726618705	
1.4	3.0	100.0	0.947841726618705	
1.4	3.0	Infinity	0.947841726618705	
1.4	4.0	1.7976931348623157E308	0.9496402877697842	
1.4	4.0	0.0010	0.9496402877697842	
1.4	4.0	0.01	0.9496402877697842	
1.4	4.0	0.1	0.9496402877697842	
1.4	4.0	1.0	0.9496402877697842	
1.4	4.0	10.0	0.9496402877697842	
1.4	4.0	100.0	0.9496402877697842	
1.4	4.0	Infinity	0.9496402877697842	
1.4	5.0	1.7976931348623157E308	0.9550359712230215	
1.4	5.0	0.0010	0.9550359712230215	
1.4	5.0	0.01	0.9550359712230215	
1.4	5.0	0.1	0.9550359712230215	
1.4	5.0	1.0	0.9550359712230215	
1.4	5.0	10.0	0.9550359712230215	
1.4	5.0	100.0	0.9550359712230215	
1.4	5.0	Infinity	0.9550359712230215	
1.4	6.0	1.7976931348623157E308	0.9514388489208633	
1.4	6.0	0.0010	0.9514388489208633	
1.4	6.0	0.01	0.9514388489208633	
1.4	6.0	0.1	0.9514388489208633	
1.4	6.0	1.0	0.9514388489208633	
1.4	6.0	10.0	0.9514388489208633	
1.4	6.0	100.0	0.9514388489208633	
1.4	6.0	Infinity	0.9514388489208633	
1.4	7.0	1.7976931348623157E308	0.9514388489208633	
1.4	7.0	0.0010	0.9514388489208633	
1.4	7.0	0.01	0.9514388489208633	
1.4	7.0	0.1	0.9514388489208633	
1.4	7.0	1.0	0.9514388489208633	
1.4	7.0	10.0	0.9514388489208633	
1.4	7.0	100.0	0.9514388489208633	
1.4	7.0	Infinity	0.9514388489208633	
1.4	8.0	1.7976931348623157E308	0.9514388489208633	
1.4	8.0	0.0010	0.9514388489208633	
1.4	8.0	0.01	0.9514388489208633	
1.4	8.0	0.1	0.9514388489208633	
1.4	8.0	1.0	0.9514388489208633	
1.4	8.0	10.0	0.9514388489208633	
1.4	8.0	100.0	0.9514388489208633	
1.4	8.0	Infinity	0.9514388489208633	
1.4	9.0	1.7976931348623157E308	0.9496402877697842	
1.4	9.0	0.0010	0.9496402877697842	
1.4	9.0	0.01	0.9496402877697842	
1.4	9.0	0.1	0.9496402877697842	
1.4	9.0	1.0	0.9496402877697842	
1.4	9.0	10.0	0.9496402877697842	
1.4	9.0	100.0	0.9496402877697842	
1.4	9.0	Infinity	0.9496402877697842	
1.4	10.0	1.7976931348623157E308	0.9514388489208633	
1.4	10.0	0.0010	0.9514388489208633	
1.4	10.0	0.01	0.9514388489208633	
1.4	10.0	0.1	0.9514388489208633	
1.4	10.0	1.0	0.9514388489208633	
1.4	10.0	10.0	0.9514388489208633	
1.4	10.0	100.0	0.9514388489208633	
1.4	10.0	Infinity	0.9514388489208633	
1.4	11.0	1.7976931348623157E308	0.9514388489208633	
1.4	11.0	0.0010	0.9514388489208633	
1.4	11.0	0.01	0.9514388489208633	
1.4	11.0	0.1	0.9514388489208633	
1.4	11.0	1.0	0.9514388489208633	
1.4	11.0	10.0	0.9514388489208633	
1.4	11.0	100.0	0.9514388489208633	
1.4	11.0	Infinity	0.9514388489208633	
1.4	12.0	1.7976931348623157E308	0.9532374100719424	
1.4	12.0	0.0010	0.9532374100719424	
1.4	12.0	0.01	0.9532374100719424	
1.4	12.0	0.1	0.9532374100719424	
1.4	12.0	1.0	0.9532374100719424	
1.4	12.0	10.0	0.9532374100719424	
1.4	12.0	100.0	0.9532374100719424	
1.4	12.0	Infinity	0.9532374100719424	
1.4	13.0	1.7976931348623157E308	0.9496402877697842	
1.4	13.0	0.0010	0.9496402877697842	
1.4	13.0	0.01	0.9496402877697842	
1.4	13.0	0.1	0.9496402877697842	
1.4	13.0	1.0	0.9496402877697842	
1.4	13.0	10.0	0.9496402877697842	
1.4	13.0	100.0	0.9496402877697842	
1.4	13.0	Infinity	0.9496402877697842	
1.4	14.0	1.7976931348623157E308	0.9550359712230215	
1.4	14.0	0.0010	0.9550359712230215	
1.4	14.0	0.01	0.9550359712230215	
1.4	14.0	0.1	0.9550359712230215	
1.4	14.0	1.0	0.9550359712230215	
1.4	14.0	10.0	0.9550359712230215	
1.4	14.0	100.0	0.9550359712230215	
1.4	14.0	Infinity	0.9550359712230215	
1.4	15.0	1.7976931348623157E308	0.9550359712230215	
1.4	15.0	0.0010	0.9550359712230215	
1.4	15.0	0.01	0.9550359712230215	
1.4	15.0	0.1	0.9550359712230215	
1.4	15.0	1.0	0.9550359712230215	
1.4	15.0	10.0	0.9550359712230215	
1.4	15.0	100.0	0.9550359712230215	
1.4	15.0	Infinity	0.9550359712230215	
1.4	16.0	1.7976931348623157E308	0.9568345323741008	
1.4	16.0	0.0010	0.9568345323741008	
1.4	16.0	0.01	0.9568345323741008	
1.4	16.0	0.1	0.9568345323741008	
1.4	16.0	1.0	0.9568345323741008	
1.4	16.0	10.0	0.9568345323741008	
1.4	16.0	100.0	0.9568345323741008	
1.4	16.0	Infinity	0.9568345323741008	
1.4	17.0	1.7976931348623157E308	0.9532374100719424	
1.4	17.0	0.0010	0.9532374100719424	
1.4	17.0	0.01	0.9532374100719424	
1.4	17.0	0.1	0.9532374100719424	
1.4	17.0	1.0	0.9532374100719424	
1.4	17.0	10.0	0.9532374100719424	
1.4	17.0	100.0	0.9532374100719424	
1.4	17.0	Infinity	0.9532374100719424	
1.4	18.0	1.7976931348623157E308	0.9514388489208633	
1.4	18.0	0.0010	0.9514388489208633	
1.4	18.0	0.01	0.9514388489208633	
1.4	18.0	0.1	0.9514388489208633	
1.4	18.0	1.0	0.9514388489208633	
1.4	18.0	10.0	0.9514388489208633	
1.4	18.0	100.0	0.9514388489208633	
1.4	18.0	Infinity	0.9514388489208633	
1.4	19.0	1.7976931348623157E308	0.9496402877697842	
1.4	19.0	0.0010	0.9496402877697842	
1.4	19.0	0.01	0.9496402877697842	
1.4	19.0	0.1	0.9496402877697842	
1.4	19.0	1.0	0.9496402877697842	
1.4	19.0	10.0	0.9496402877697842	
1.4	19.0	100.0	0.9496402877697842	
1.4	19.0	Infinity	0.9496402877697842	
1.4	20.0	1.7976931348623157E308	0.9496402877697842	
1.4	20.0	0.0010	0.9496402877697842	
1.4	20.0	0.01	0.9496402877697842	
1.4	20.0	0.1	0.9496402877697842	
1.4	20.0	1.0	0.9496402877697842	
1.4	20.0	10.0	0.9496402877697842	
1.4	20.0	100.0	0.9496402877697842	
1.4	20.0	Infinity	0.9496402877697842	
1.4	21.0	1.7976931348623157E308	0.947841726618705	
1.4	21.0	0.0010	0.947841726618705	
1.4	21.0	0.01	0.947841726618705	
1.4	21.0	0.1	0.947841726618705	
1.4	21.0	1.0	0.947841726618705	
1.4	21.0	10.0	0.947841726618705	
1.4	21.0	100.0	0.947841726618705	
1.4	21.0	Infinity	0.947841726618705	
1.4	22.0	1.7976931348623157E308	0.9442446043165468	
1.4	22.0	0.0010	0.9442446043165468	
1.4	22.0	0.01	0.9442446043165468	
1.4	22.0	0.1	0.9442446043165468	
1.4	22.0	1.0	0.9442446043165468	
1.4	22.0	10.0	0.9442446043165468	
1.4	22.0	100.0	0.9442446043165468	
1.4	22.0	Infinity	0.9442446043165468	
1.4	23.0	1.7976931348623157E308	0.9442446043165468	
1.4	23.0	0.0010	0.9442446043165468	
1.4	23.0	0.01	0.9442446043165468	
1.4	23.0	0.1	0.9442446043165468	
1.4	23.0	1.0	0.9442446043165468	
1.4	23.0	10.0	0.9442446043165468	
1.4	23.0	100.0	0.9442446043165468	
1.4	23.0	Infinity	0.9442446043165468	
1.4	24.0	1.7976931348623157E308	0.9460431654676259	
1.4	24.0	0.0010	0.9460431654676259	
1.4	24.0	0.01	0.9460431654676259	
1.4	24.0	0.1	0.9460431654676259	
1.4	24.0	1.0	0.9460431654676259	
1.4	24.0	10.0	0.9460431654676259	
1.4	24.0	100.0	0.9460431654676259	
1.4	24.0	Infinity	0.9460431654676259	
1.4	25.0	1.7976931348623157E308	0.9460431654676259	
1.4	25.0	0.0010	0.9460431654676259	
1.4	25.0	0.01	0.9460431654676259	
1.4	25.0	0.1	0.9460431654676259	
1.4	25.0	1.0	0.9460431654676259	
1.4	25.0	10.0	0.9460431654676259	
1.4	25.0	100.0	0.9460431654676259	
1.4	25.0	Infinity	0.9460431654676259	
1.4	26.0	1.7976931348623157E308	0.9442446043165468	
1.4	26.0	0.0010	0.9442446043165468	
1.4	26.0	0.01	0.9442446043165468	
1.4	26.0	0.1	0.9442446043165468	
1.4	26.0	1.0	0.9442446043165468	
1.4	26.0	10.0	0.9442446043165468	
1.4	26.0	100.0	0.9442446043165468	
1.4	26.0	Infinity	0.9442446043165468	
1.4	27.0	1.7976931348623157E308	0.9460431654676259	
1.4	27.0	0.0010	0.9460431654676259	
1.4	27.0	0.01	0.9460431654676259	
1.4	27.0	0.1	0.9460431654676259	
1.4	27.0	1.0	0.9460431654676259	
1.4	27.0	10.0	0.9460431654676259	
1.4	27.0	100.0	0.9460431654676259	
1.4	27.0	Infinity	0.9460431654676259	
1.4	28.0	1.7976931348623157E308	0.9442446043165468	
1.4	28.0	0.0010	0.9442446043165468	
1.4	28.0	0.01	0.9442446043165468	
1.4	28.0	0.1	0.9442446043165468	
1.4	28.0	1.0	0.9442446043165468	
1.4	28.0	10.0	0.9442446043165468	
1.4	28.0	100.0	0.9442446043165468	
1.4	28.0	Infinity	0.9442446043165468	
1.4	29.0	1.7976931348623157E308	0.9442446043165468	
1.4	29.0	0.0010	0.9442446043165468	
1.4	29.0	0.01	0.9442446043165468	
1.4	29.0	0.1	0.9442446043165468	
1.4	29.0	1.0	0.9442446043165468	
1.4	29.0	10.0	0.9442446043165468	
1.4	29.0	100.0	0.9442446043165468	
1.4	29.0	Infinity	0.9442446043165468	
1.4	30.0	1.7976931348623157E308	0.9424460431654677	
1.4	30.0	0.0010	0.9424460431654677	
1.4	30.0	0.01	0.9424460431654677	
1.4	30.0	0.1	0.9424460431654677	
1.4	30.0	1.0	0.9424460431654677	
1.4	30.0	10.0	0.9424460431654677	
1.4	30.0	100.0	0.9424460431654677	
1.4	30.0	Infinity	0.9424460431654677	
1.6	1.0	1.7976931348623157E308	0.9406474820143885	
1.6	1.0	0.0010	0.9406474820143885	
1.6	1.0	0.01	0.9406474820143885	
1.6	1.0	0.1	0.9406474820143885	
1.6	1.0	1.0	0.9406474820143885	
1.6	1.0	10.0	0.9406474820143885	
1.6	1.0	100.0	0.9406474820143885	
1.6	1.0	Infinity	0.9406474820143885	
1.6	2.0	1.7976931348623157E308	0.9406474820143885	
1.6	2.0	0.0010	0.9406474820143885	
1.6	2.0	0.01	0.9406474820143885	
1.6	2.0	0.1	0.9406474820143885	
1.6	2.0	1.0	0.9406474820143885	
1.6	2.0	10.0	0.9406474820143885	
1.6	2.0	100.0	0.9406474820143885	
1.6	2.0	Infinity	0.9406474820143885	
1.6	3.0	1.7976931348623157E308	0.9496402877697842	
1.6	3.0	0.0010	0.9496402877697842	
1.6	3.0	0.01	0.9496402877697842	
1.6	3.0	0.1	0.9496402877697842	
1.6	3.0	1.0	0.9496402877697842	
1.6	3.0	10.0	0.9496402877697842	
1.6	3.0	100.0	0.9496402877697842	
1.6	3.0	Infinity	0.9496402877697842	
1.6	4.0	1.7976931348623157E308	0.9496402877697842	
1.6	4.0	0.0010	0.9496402877697842	
1.6	4.0	0.01	0.9496402877697842	
1.6	4.0	0.1	0.9496402877697842	
1.6	4.0	1.0	0.9496402877697842	
1.6	4.0	10.0	0.9496402877697842	
1.6	4.0	100.0	0.9496402877697842	
1.6	4.0	Infinity	0.9496402877697842	
1.6	5.0	1.7976931348623157E308	0.9550359712230215	
1.6	5.0	0.0010	0.9550359712230215	
1.6	5.0	0.01	0.9550359712230215	
1.6	5.0	0.1	0.9550359712230215	
1.6	5.0	1.0	0.9550359712230215	
1.6	5.0	10.0	0.9550359712230215	
1.6	5.0	100.0	0.9550359712230215	
1.6	5.0	Infinity	0.9550359712230215	
1.6	6.0	1.7976931348623157E308	0.9514388489208633	
1.6	6.0	0.0010	0.9514388489208633	
1.6	6.0	0.01	0.9514388489208633	
1.6	6.0	0.1	0.9514388489208633	
1.6	6.0	1.0	0.9514388489208633	
1.6	6.0	10.0	0.9514388489208633	
1.6	6.0	100.0	0.9514388489208633	
1.6	6.0	Infinity	0.9514388489208633	
1.6	7.0	1.7976931348623157E308	0.9532374100719424	
1.6	7.0	0.0010	0.9532374100719424	
1.6	7.0	0.01	0.9532374100719424	
1.6	7.0	0.1	0.9532374100719424	
1.6	7.0	1.0	0.9532374100719424	
1.6	7.0	10.0	0.9532374100719424	
1.6	7.0	100.0	0.9532374100719424	
1.6	7.0	Infinity	0.9532374100719424	
1.6	8.0	1.7976931348623157E308	0.9514388489208633	
1.6	8.0	0.0010	0.9514388489208633	
1.6	8.0	0.01	0.9514388489208633	
1.6	8.0	0.1	0.9514388489208633	
1.6	8.0	1.0	0.9514388489208633	
1.6	8.0	10.0	0.9514388489208633	
1.6	8.0	100.0	0.9514388489208633	
1.6	8.0	Infinity	0.9514388489208633	
1.6	9.0	1.7976931348623157E308	0.9514388489208633	
1.6	9.0	0.0010	0.9514388489208633	
1.6	9.0	0.01	0.9514388489208633	
1.6	9.0	0.1	0.9514388489208633	
1.6	9.0	1.0	0.9514388489208633	
1.6	9.0	10.0	0.9514388489208633	
1.6	9.0	100.0	0.9514388489208633	
1.6	9.0	Infinity	0.9514388489208633	
1.6	10.0	1.7976931348623157E308	0.9496402877697842	
1.6	10.0	0.0010	0.9496402877697842	
1.6	10.0	0.01	0.9496402877697842	
1.6	10.0	0.1	0.9496402877697842	
1.6	10.0	1.0	0.9496402877697842	
1.6	10.0	10.0	0.9496402877697842	
1.6	10.0	100.0	0.9496402877697842	
1.6	10.0	Infinity	0.9496402877697842	
1.6	11.0	1.7976931348623157E308	0.9496402877697842	
1.6	11.0	0.0010	0.9496402877697842	
1.6	11.0	0.01	0.9496402877697842	
1.6	11.0	0.1	0.9496402877697842	
1.6	11.0	1.0	0.9496402877697842	
1.6	11.0	10.0	0.9496402877697842	
1.6	11.0	100.0	0.9496402877697842	
1.6	11.0	Infinity	0.9496402877697842	
1.6	12.0	1.7976931348623157E308	0.9532374100719424	
1.6	12.0	0.0010	0.9532374100719424	
1.6	12.0	0.01	0.9532374100719424	
1.6	12.0	0.1	0.9532374100719424	
1.6	12.0	1.0	0.9532374100719424	
1.6	12.0	10.0	0.9532374100719424	
1.6	12.0	100.0	0.9532374100719424	
1.6	12.0	Infinity	0.9532374100719424	
1.6	13.0	1.7976931348623157E308	0.9496402877697842	
1.6	13.0	0.0010	0.9496402877697842	
1.6	13.0	0.01	0.9496402877697842	
1.6	13.0	0.1	0.9496402877697842	
1.6	13.0	1.0	0.9496402877697842	
1.6	13.0	10.0	0.9496402877697842	
1.6	13.0	100.0	0.9496402877697842	
1.6	13.0	Infinity	0.9496402877697842	
1.6	14.0	1.7976931348623157E308	0.9532374100719424	
1.6	14.0	0.0010	0.9532374100719424	
1.6	14.0	0.01	0.9532374100719424	
1.6	14.0	0.1	0.9532374100719424	
1.6	14.0	1.0	0.9532374100719424	
1.6	14.0	10.0	0.9532374100719424	
1.6	14.0	100.0	0.9532374100719424	
1.6	14.0	Infinity	0.9532374100719424	
1.6	15.0	1.7976931348623157E308	0.9550359712230215	
1.6	15.0	0.0010	0.9550359712230215	
1.6	15.0	0.01	0.9550359712230215	
1.6	15.0	0.1	0.9550359712230215	
1.6	15.0	1.0	0.9550359712230215	
1.6	15.0	10.0	0.9550359712230215	
1.6	15.0	100.0	0.9550359712230215	
1.6	15.0	Infinity	0.9550359712230215	
1.6	16.0	1.7976931348623157E308	0.9568345323741008	
1.6	16.0	0.0010	0.9568345323741008	
1.6	16.0	0.01	0.9568345323741008	
1.6	16.0	0.1	0.9568345323741008	
1.6	16.0	1.0	0.9568345323741008	
1.6	16.0	10.0	0.9568345323741008	
1.6	16.0	100.0	0.9568345323741008	
1.6	16.0	Infinity	0.9568345323741008	
1.6	17.0	1.7976931348623157E308	0.9550359712230215	
1.6	17.0	0.0010	0.9550359712230215	
1.6	17.0	0.01	0.9550359712230215	
1.6	17.0	0.1	0.9550359712230215	
1.6	17.0	1.0	0.9550359712230215	
1.6	17.0	10.0	0.9550359712230215	
1.6	17.0	100.0	0.9550359712230215	
1.6	17.0	Infinity	0.9550359712230215	
1.6	18.0	1.7976931348623157E308	0.9514388489208633	
1.6	18.0	0.0010	0.9514388489208633	
1.6	18.0	0.01	0.9514388489208633	
1.6	18.0	0.1	0.9514388489208633	
1.6	18.0	1.0	0.9514388489208633	
1.6	18.0	10.0	0.9514388489208633	
1.6	18.0	100.0	0.9514388489208633	
1.6	18.0	Infinity	0.9514388489208633	
1.6	19.0	1.7976931348623157E308	0.9514388489208633	
1.6	19.0	0.0010	0.9514388489208633	
1.6	19.0	0.01	0.9514388489208633	
1.6	19.0	0.1	0.9514388489208633	
1.6	19.0	1.0	0.9514388489208633	
1.6	19.0	10.0	0.9514388489208633	
1.6	19.0	100.0	0.9514388489208633	
1.6	19.0	Infinity	0.9514388489208633	
1.6	20.0	1.7976931348623157E308	0.9496402877697842	
1.6	20.0	0.0010	0.9496402877697842	
1.6	20.0	0.01	0.9496402877697842	
1.6	20.0	0.1	0.9496402877697842	
1.6	20.0	1.0	0.9496402877697842	
1.6	20.0	10.0	0.9496402877697842	
1.6	20.0	100.0	0.9496402877697842	
1.6	20.0	Infinity	0.9496402877697842	
1.6	21.0	1.7976931348623157E308	0.947841726618705	
1.6	21.0	0.0010	0.947841726618705	
1.6	21.0	0.01	0.947841726618705	
1.6	21.0	0.1	0.947841726618705	
1.6	21.0	1.0	0.947841726618705	
1.6	21.0	10.0	0.947841726618705	
1.6	21.0	100.0	0.947841726618705	
1.6	21.0	Infinity	0.947841726618705	
1.6	22.0	1.7976931348623157E308	0.9460431654676259	
1.6	22.0	0.0010	0.9460431654676259	
1.6	22.0	0.01	0.9460431654676259	
1.6	22.0	0.1	0.9460431654676259	
1.6	22.0	1.0	0.9460431654676259	
1.6	22.0	10.0	0.9460431654676259	
1.6	22.0	100.0	0.9460431654676259	
1.6	22.0	Infinity	0.9460431654676259	
1.6	23.0	1.7976931348623157E308	0.9460431654676259	
1.6	23.0	0.0010	0.9460431654676259	
1.6	23.0	0.01	0.9460431654676259	
1.6	23.0	0.1	0.9460431654676259	
1.6	23.0	1.0	0.9460431654676259	
1.6	23.0	10.0	0.9460431654676259	
1.6	23.0	100.0	0.9460431654676259	
1.6	23.0	Infinity	0.9460431654676259	
1.6	24.0	1.7976931348623157E308	0.9460431654676259	
1.6	24.0	0.0010	0.9460431654676259	
1.6	24.0	0.01	0.9460431654676259	
1.6	24.0	0.1	0.9460431654676259	
1.6	24.0	1.0	0.9460431654676259	
1.6	24.0	10.0	0.9460431654676259	
1.6	24.0	100.0	0.9460431654676259	
1.6	24.0	Infinity	0.9460431654676259	
1.6	25.0	1.7976931348623157E308	0.947841726618705	
1.6	25.0	0.0010	0.947841726618705	
1.6	25.0	0.01	0.947841726618705	
1.6	25.0	0.1	0.947841726618705	
1.6	25.0	1.0	0.947841726618705	
1.6	25.0	10.0	0.947841726618705	
1.6	25.0	100.0	0.947841726618705	
1.6	25.0	Infinity	0.947841726618705	
1.6	26.0	1.7976931348623157E308	0.9460431654676259	
1.6	26.0	0.0010	0.9460431654676259	
1.6	26.0	0.01	0.9460431654676259	
1.6	26.0	0.1	0.9460431654676259	
1.6	26.0	1.0	0.9460431654676259	
1.6	26.0	10.0	0.9460431654676259	
1.6	26.0	100.0	0.9460431654676259	
1.6	26.0	Infinity	0.9460431654676259	
1.6	27.0	1.7976931348623157E308	0.9460431654676259	
1.6	27.0	0.0010	0.9460431654676259	
1.6	27.0	0.01	0.9460431654676259	
1.6	27.0	0.1	0.9460431654676259	
1.6	27.0	1.0	0.9460431654676259	
1.6	27.0	10.0	0.9460431654676259	
1.6	27.0	100.0	0.9460431654676259	
1.6	27.0	Infinity	0.9460431654676259	
1.6	28.0	1.7976931348623157E308	0.9460431654676259	
1.6	28.0	0.0010	0.9460431654676259	
1.6	28.0	0.01	0.9460431654676259	
1.6	28.0	0.1	0.9460431654676259	
1.6	28.0	1.0	0.9460431654676259	
1.6	28.0	10.0	0.9460431654676259	
1.6	28.0	100.0	0.9460431654676259	
1.6	28.0	Infinity	0.9460431654676259	
1.6	29.0	1.7976931348623157E308	0.9460431654676259	
1.6	29.0	0.0010	0.9460431654676259	
1.6	29.0	0.01	0.9460431654676259	
1.6	29.0	0.1	0.9460431654676259	
1.6	29.0	1.0	0.9460431654676259	
1.6	29.0	10.0	0.9460431654676259	
1.6	29.0	100.0	0.9460431654676259	
1.6	29.0	Infinity	0.9460431654676259	
1.6	30.0	1.7976931348623157E308	0.9442446043165468	
1.6	30.0	0.0010	0.9442446043165468	
1.6	30.0	0.01	0.9442446043165468	
1.6	30.0	0.1	0.9442446043165468	
1.6	30.0	1.0	0.9442446043165468	
1.6	30.0	10.0	0.9442446043165468	
1.6	30.0	100.0	0.9442446043165468	
1.6	30.0	Infinity	0.9442446043165468	
1.8	1.0	1.7976931348623157E308	0.9406474820143885	
1.8	1.0	0.0010	0.9406474820143885	
1.8	1.0	0.01	0.9406474820143885	
1.8	1.0	0.1	0.9406474820143885	
1.8	1.0	1.0	0.9406474820143885	
1.8	1.0	10.0	0.9406474820143885	
1.8	1.0	100.0	0.9406474820143885	
1.8	1.0	Infinity	0.9406474820143885	
1.8	2.0	1.7976931348623157E308	0.9406474820143885	
1.8	2.0	0.0010	0.9406474820143885	
1.8	2.0	0.01	0.9406474820143885	
1.8	2.0	0.1	0.9406474820143885	
1.8	2.0	1.0	0.9406474820143885	
1.8	2.0	10.0	0.9406474820143885	
1.8	2.0	100.0	0.9406474820143885	
1.8	2.0	Infinity	0.9406474820143885	
1.8	3.0	1.7976931348623157E308	0.9496402877697842	
1.8	3.0	0.0010	0.9496402877697842	
1.8	3.0	0.01	0.9496402877697842	
1.8	3.0	0.1	0.9496402877697842	
1.8	3.0	1.0	0.9496402877697842	
1.8	3.0	10.0	0.9496402877697842	
1.8	3.0	100.0	0.9496402877697842	
1.8	3.0	Infinity	0.9496402877697842	
1.8	4.0	1.7976931348623157E308	0.9496402877697842	
1.8	4.0	0.0010	0.9496402877697842	
1.8	4.0	0.01	0.9496402877697842	
1.8	4.0	0.1	0.9496402877697842	
1.8	4.0	1.0	0.9496402877697842	
1.8	4.0	10.0	0.9496402877697842	
1.8	4.0	100.0	0.9496402877697842	
1.8	4.0	Infinity	0.9496402877697842	
1.8	5.0	1.7976931348623157E308	0.9550359712230215	
1.8	5.0	0.0010	0.9550359712230215	
1.8	5.0	0.01	0.9550359712230215	
1.8	5.0	0.1	0.9550359712230215	
1.8	5.0	1.0	0.9550359712230215	
1.8	5.0	10.0	0.9550359712230215	
1.8	5.0	100.0	0.9550359712230215	
1.8	5.0	Infinity	0.9550359712230215	
1.8	6.0	1.7976931348623157E308	0.9532374100719424	
1.8	6.0	0.0010	0.9532374100719424	
1.8	6.0	0.01	0.9532374100719424	
1.8	6.0	0.1	0.9532374100719424	
1.8	6.0	1.0	0.9532374100719424	
1.8	6.0	10.0	0.9532374100719424	
1.8	6.0	100.0	0.9532374100719424	
1.8	6.0	Infinity	0.9532374100719424	
1.8	7.0	1.7976931348623157E308	0.9532374100719424	
1.8	7.0	0.0010	0.9532374100719424	
1.8	7.0	0.01	0.9532374100719424	
1.8	7.0	0.1	0.9532374100719424	
1.8	7.0	1.0	0.9532374100719424	
1.8	7.0	10.0	0.9532374100719424	
1.8	7.0	100.0	0.9532374100719424	
1.8	7.0	Infinity	0.9532374100719424	
1.8	8.0	1.7976931348623157E308	0.9550359712230215	
1.8	8.0	0.0010	0.9550359712230215	
1.8	8.0	0.01	0.9550359712230215	
1.8	8.0	0.1	0.9550359712230215	
1.8	8.0	1.0	0.9550359712230215	
1.8	8.0	10.0	0.9550359712230215	
1.8	8.0	100.0	0.9550359712230215	
1.8	8.0	Infinity	0.9550359712230215	
1.8	9.0	1.7976931348623157E308	0.9514388489208633	
1.8	9.0	0.0010	0.9514388489208633	
1.8	9.0	0.01	0.9514388489208633	
1.8	9.0	0.1	0.9514388489208633	
1.8	9.0	1.0	0.9514388489208633	
1.8	9.0	10.0	0.9514388489208633	
1.8	9.0	100.0	0.9514388489208633	
1.8	9.0	Infinity	0.9514388489208633	
1.8	10.0	1.7976931348623157E308	0.9514388489208633	
1.8	10.0	0.0010	0.9514388489208633	
1.8	10.0	0.01	0.9514388489208633	
1.8	10.0	0.1	0.9514388489208633	
1.8	10.0	1.0	0.9514388489208633	
1.8	10.0	10.0	0.9514388489208633	
1.8	10.0	100.0	0.9514388489208633	
1.8	10.0	Infinity	0.9514388489208633	
1.8	11.0	1.7976931348623157E308	0.9514388489208633	
1.8	11.0	0.0010	0.9514388489208633	
1.8	11.0	0.01	0.9514388489208633	
1.8	11.0	0.1	0.9514388489208633	
1.8	11.0	1.0	0.9514388489208633	
1.8	11.0	10.0	0.9514388489208633	
1.8	11.0	100.0	0.9514388489208633	
1.8	11.0	Infinity	0.9514388489208633	
1.8	12.0	1.7976931348623157E308	0.9514388489208633	
1.8	12.0	0.0010	0.9514388489208633	
1.8	12.0	0.01	0.9514388489208633	
1.8	12.0	0.1	0.9514388489208633	
1.8	12.0	1.0	0.9514388489208633	
1.8	12.0	10.0	0.9514388489208633	
1.8	12.0	100.0	0.9514388489208633	
1.8	12.0	Infinity	0.9514388489208633	
1.8	13.0	1.7976931348623157E308	0.9496402877697842	
1.8	13.0	0.0010	0.9496402877697842	
1.8	13.0	0.01	0.9496402877697842	
1.8	13.0	0.1	0.9496402877697842	
1.8	13.0	1.0	0.9496402877697842	
1.8	13.0	10.0	0.9496402877697842	
1.8	13.0	100.0	0.9496402877697842	
1.8	13.0	Infinity	0.9496402877697842	
1.8	14.0	1.7976931348623157E308	0.9532374100719424	
1.8	14.0	0.0010	0.9532374100719424	
1.8	14.0	0.01	0.9532374100719424	
1.8	14.0	0.1	0.9532374100719424	
1.8	14.0	1.0	0.9532374100719424	
1.8	14.0	10.0	0.9532374100719424	
1.8	14.0	100.0	0.9532374100719424	
1.8	14.0	Infinity	0.9532374100719424	
1.8	15.0	1.7976931348623157E308	0.9568345323741008	
1.8	15.0	0.0010	0.9568345323741008	
1.8	15.0	0.01	0.9568345323741008	
1.8	15.0	0.1	0.9568345323741008	
1.8	15.0	1.0	0.9568345323741008	
1.8	15.0	10.0	0.9568345323741008	
1.8	15.0	100.0	0.9568345323741008	
1.8	15.0	Infinity	0.9568345323741008	
1.8	16.0	1.7976931348623157E308	0.9568345323741008	
1.8	16.0	0.0010	0.9568345323741008	
1.8	16.0	0.01	0.9568345323741008	
1.8	16.0	0.1	0.9568345323741008	
1.8	16.0	1.0	0.9568345323741008	
1.8	16.0	10.0	0.9568345323741008	
1.8	16.0	100.0	0.9568345323741008	
1.8	16.0	Infinity	0.9568345323741008	
1.8	17.0	1.7976931348623157E308	0.9532374100719424	
1.8	17.0	0.0010	0.9532374100719424	
1.8	17.0	0.01	0.9532374100719424	
1.8	17.0	0.1	0.9532374100719424	
1.8	17.0	1.0	0.9532374100719424	
1.8	17.0	10.0	0.9532374100719424	
1.8	17.0	100.0	0.9532374100719424	
1.8	17.0	Infinity	0.9532374100719424	
1.8	18.0	1.7976931348623157E308	0.9496402877697842	
1.8	18.0	0.0010	0.9496402877697842	
1.8	18.0	0.01	0.9496402877697842	
1.8	18.0	0.1	0.9496402877697842	
1.8	18.0	1.0	0.9496402877697842	
1.8	18.0	10.0	0.9496402877697842	
1.8	18.0	100.0	0.9496402877697842	
1.8	18.0	Infinity	0.9496402877697842	
1.8	19.0	1.7976931348623157E308	0.9514388489208633	
1.8	19.0	0.0010	0.9514388489208633	
1.8	19.0	0.01	0.9514388489208633	
1.8	19.0	0.1	0.9514388489208633	
1.8	19.0	1.0	0.9514388489208633	
1.8	19.0	10.0	0.9514388489208633	
1.8	19.0	100.0	0.9514388489208633	
1.8	19.0	Infinity	0.9514388489208633	
1.8	20.0	1.7976931348623157E308	0.9496402877697842	
1.8	20.0	0.0010	0.9496402877697842	
1.8	20.0	0.01	0.9496402877697842	
1.8	20.0	0.1	0.9496402877697842	
1.8	20.0	1.0	0.9496402877697842	
1.8	20.0	10.0	0.9496402877697842	
1.8	20.0	100.0	0.9496402877697842	
1.8	20.0	Infinity	0.9496402877697842	
1.8	21.0	1.7976931348623157E308	0.9496402877697842	
1.8	21.0	0.0010	0.9496402877697842	
1.8	21.0	0.01	0.9496402877697842	
1.8	21.0	0.1	0.9496402877697842	
1.8	21.0	1.0	0.9496402877697842	
1.8	21.0	10.0	0.9496402877697842	
1.8	21.0	100.0	0.9496402877697842	
1.8	21.0	Infinity	0.9496402877697842	
1.8	22.0	1.7976931348623157E308	0.9496402877697842	
1.8	22.0	0.0010	0.9496402877697842	
1.8	22.0	0.01	0.9496402877697842	
1.8	22.0	0.1	0.9496402877697842	
1.8	22.0	1.0	0.9496402877697842	
1.8	22.0	10.0	0.9496402877697842	
1.8	22.0	100.0	0.9496402877697842	
1.8	22.0	Infinity	0.9496402877697842	
1.8	23.0	1.7976931348623157E308	0.9460431654676259	
1.8	23.0	0.0010	0.9460431654676259	
1.8	23.0	0.01	0.9460431654676259	
1.8	23.0	0.1	0.9460431654676259	
1.8	23.0	1.0	0.9460431654676259	
1.8	23.0	10.0	0.9460431654676259	
1.8	23.0	100.0	0.9460431654676259	
1.8	23.0	Infinity	0.9460431654676259	
1.8	24.0	1.7976931348623157E308	0.947841726618705	
1.8	24.0	0.0010	0.947841726618705	
1.8	24.0	0.01	0.947841726618705	
1.8	24.0	0.1	0.947841726618705	
1.8	24.0	1.0	0.947841726618705	
1.8	24.0	10.0	0.947841726618705	
1.8	24.0	100.0	0.947841726618705	
1.8	24.0	Infinity	0.947841726618705	
1.8	25.0	1.7976931348623157E308	0.947841726618705	
1.8	25.0	0.0010	0.947841726618705	
1.8	25.0	0.01	0.947841726618705	
1.8	25.0	0.1	0.947841726618705	
1.8	25.0	1.0	0.947841726618705	
1.8	25.0	10.0	0.947841726618705	
1.8	25.0	100.0	0.947841726618705	
1.8	25.0	Infinity	0.947841726618705	
1.8	26.0	1.7976931348623157E308	0.947841726618705	
1.8	26.0	0.0010	0.947841726618705	
1.8	26.0	0.01	0.947841726618705	
1.8	26.0	0.1	0.947841726618705	
1.8	26.0	1.0	0.947841726618705	
1.8	26.0	10.0	0.947841726618705	
1.8	26.0	100.0	0.947841726618705	
1.8	26.0	Infinity	0.947841726618705	
1.8	27.0	1.7976931348623157E308	0.947841726618705	
1.8	27.0	0.0010	0.947841726618705	
1.8	27.0	0.01	0.947841726618705	
1.8	27.0	0.1	0.947841726618705	
1.8	27.0	1.0	0.947841726618705	
1.8	27.0	10.0	0.947841726618705	
1.8	27.0	100.0	0.947841726618705	
1.8	27.0	Infinity	0.947841726618705	
1.8	28.0	1.7976931348623157E308	0.9460431654676259	
1.8	28.0	0.0010	0.9460431654676259	
1.8	28.0	0.01	0.9460431654676259	
1.8	28.0	0.1	0.9460431654676259	
1.8	28.0	1.0	0.9460431654676259	
1.8	28.0	10.0	0.9460431654676259	
1.8	28.0	100.0	0.9460431654676259	
1.8	28.0	Infinity	0.9460431654676259	
1.8	29.0	1.7976931348623157E308	0.9460431654676259	
1.8	29.0	0.0010	0.9460431654676259	
1.8	29.0	0.01	0.9460431654676259	
1.8	29.0	0.1	0.9460431654676259	
1.8	29.0	1.0	0.9460431654676259	
1.8	29.0	10.0	0.9460431654676259	
1.8	29.0	100.0	0.9460431654676259	
1.8	29.0	Infinity	0.9460431654676259	
1.8	30.0	1.7976931348623157E308	0.9460431654676259	
1.8	30.0	0.0010	0.9460431654676259	
1.8	30.0	0.01	0.9460431654676259	
1.8	30.0	0.1	0.9460431654676259	
1.8	30.0	1.0	0.9460431654676259	
1.8	30.0	10.0	0.9460431654676259	
1.8	30.0	100.0	0.9460431654676259	
1.8	30.0	Infinity	0.9460431654676259	
2.0	1.0	1.7976931348623157E308	0.9406474820143885	
2.0	1.0	0.0010	0.9406474820143885	
2.0	1.0	0.01	0.9406474820143885	
2.0	1.0	0.1	0.9406474820143885	
2.0	1.0	1.0	0.9406474820143885	
2.0	1.0	10.0	0.9406474820143885	
2.0	1.0	100.0	0.9406474820143885	
2.0	1.0	Infinity	0.9406474820143885	
2.0	2.0	1.7976931348623157E308	0.9406474820143885	
2.0	2.0	0.0010	0.9406474820143885	
2.0	2.0	0.01	0.9406474820143885	
2.0	2.0	0.1	0.9406474820143885	
2.0	2.0	1.0	0.9406474820143885	
2.0	2.0	10.0	0.9406474820143885	
2.0	2.0	100.0	0.9406474820143885	
2.0	2.0	Infinity	0.9406474820143885	
2.0	3.0	1.7976931348623157E308	0.9514388489208633	
2.0	3.0	0.0010	0.9514388489208633	
2.0	3.0	0.01	0.9514388489208633	
2.0	3.0	0.1	0.9514388489208633	
2.0	3.0	1.0	0.9514388489208633	
2.0	3.0	10.0	0.9514388489208633	
2.0	3.0	100.0	0.9514388489208633	
2.0	3.0	Infinity	0.9514388489208633	
2.0	4.0	1.7976931348623157E308	0.9514388489208633	
2.0	4.0	0.0010	0.9514388489208633	
2.0	4.0	0.01	0.9514388489208633	
2.0	4.0	0.1	0.9514388489208633	
2.0	4.0	1.0	0.9514388489208633	
2.0	4.0	10.0	0.9514388489208633	
2.0	4.0	100.0	0.9514388489208633	
2.0	4.0	Infinity	0.9514388489208633	
2.0	5.0	1.7976931348623157E308	0.9496402877697842	
2.0	5.0	0.0010	0.9496402877697842	
2.0	5.0	0.01	0.9496402877697842	
2.0	5.0	0.1	0.9496402877697842	
2.0	5.0	1.0	0.9496402877697842	
2.0	5.0	10.0	0.9496402877697842	
2.0	5.0	100.0	0.9496402877697842	
2.0	5.0	Infinity	0.9496402877697842	
2.0	6.0	1.7976931348623157E308	0.9550359712230215	
2.0	6.0	0.0010	0.9550359712230215	
2.0	6.0	0.01	0.9550359712230215	
2.0	6.0	0.1	0.9550359712230215	
2.0	6.0	1.0	0.9550359712230215	
2.0	6.0	10.0	0.9550359712230215	
2.0	6.0	100.0	0.9550359712230215	
2.0	6.0	Infinity	0.9550359712230215	
2.0	7.0	1.7976931348623157E308	0.9514388489208633	
2.0	7.0	0.0010	0.9514388489208633	
2.0	7.0	0.01	0.9514388489208633	
2.0	7.0	0.1	0.9514388489208633	
2.0	7.0	1.0	0.9514388489208633	
2.0	7.0	10.0	0.9514388489208633	
2.0	7.0	100.0	0.9514388489208633	
2.0	7.0	Infinity	0.9514388489208633	
2.0	8.0	1.7976931348623157E308	0.9532374100719424	
2.0	8.0	0.0010	0.9532374100719424	
2.0	8.0	0.01	0.9532374100719424	
2.0	8.0	0.1	0.9532374100719424	
2.0	8.0	1.0	0.9532374100719424	
2.0	8.0	10.0	0.9532374100719424	
2.0	8.0	100.0	0.9532374100719424	
2.0	8.0	Infinity	0.9532374100719424	
2.0	9.0	1.7976931348623157E308	0.9550359712230215	
2.0	9.0	0.0010	0.9550359712230215	
2.0	9.0	0.01	0.9550359712230215	
2.0	9.0	0.1	0.9550359712230215	
2.0	9.0	1.0	0.9550359712230215	
2.0	9.0	10.0	0.9550359712230215	
2.0	9.0	100.0	0.9550359712230215	
2.0	9.0	Infinity	0.9550359712230215	
2.0	10.0	1.7976931348623157E308	0.9532374100719424	
2.0	10.0	0.0010	0.9532374100719424	
2.0	10.0	0.01	0.9532374100719424	
2.0	10.0	0.1	0.9532374100719424	
2.0	10.0	1.0	0.9532374100719424	
2.0	10.0	10.0	0.9532374100719424	
2.0	10.0	100.0	0.9532374100719424	
2.0	10.0	Infinity	0.9532374100719424	
2.0	11.0	1.7976931348623157E308	0.9514388489208633	
2.0	11.0	0.0010	0.9514388489208633	
2.0	11.0	0.01	0.9514388489208633	
2.0	11.0	0.1	0.9514388489208633	
2.0	11.0	1.0	0.9514388489208633	
2.0	11.0	10.0	0.9514388489208633	
2.0	11.0	100.0	0.9514388489208633	
2.0	11.0	Infinity	0.9514388489208633	
2.0	12.0	1.7976931348623157E308	0.9514388489208633	
2.0	12.0	0.0010	0.9514388489208633	
2.0	12.0	0.01	0.9514388489208633	
2.0	12.0	0.1	0.9514388489208633	
2.0	12.0	1.0	0.9514388489208633	
2.0	12.0	10.0	0.9514388489208633	
2.0	12.0	100.0	0.9514388489208633	
2.0	12.0	Infinity	0.9514388489208633	
2.0	13.0	1.7976931348623157E308	0.9514388489208633	
2.0	13.0	0.0010	0.9514388489208633	
2.0	13.0	0.01	0.9514388489208633	
2.0	13.0	0.1	0.9514388489208633	
2.0	13.0	1.0	0.9514388489208633	
2.0	13.0	10.0	0.9514388489208633	
2.0	13.0	100.0	0.9514388489208633	
2.0	13.0	Infinity	0.9514388489208633	
2.0	14.0	1.7976931348623157E308	0.9496402877697842	
2.0	14.0	0.0010	0.9496402877697842	
2.0	14.0	0.01	0.9496402877697842	
2.0	14.0	0.1	0.9496402877697842	
2.0	14.0	1.0	0.9496402877697842	
2.0	14.0	10.0	0.9496402877697842	
2.0	14.0	100.0	0.9496402877697842	
2.0	14.0	Infinity	0.9496402877697842	
2.0	15.0	1.7976931348623157E308	0.9514388489208633	
2.0	15.0	0.0010	0.9514388489208633	
2.0	15.0	0.01	0.9514388489208633	
2.0	15.0	0.1	0.9514388489208633	
2.0	15.0	1.0	0.9514388489208633	
2.0	15.0	10.0	0.9514388489208633	
2.0	15.0	100.0	0.9514388489208633	
2.0	15.0	Infinity	0.9514388489208633	
2.0	16.0	1.7976931348623157E308	0.9514388489208633	
2.0	16.0	0.0010	0.9514388489208633	
2.0	16.0	0.01	0.9514388489208633	
2.0	16.0	0.1	0.9514388489208633	
2.0	16.0	1.0	0.9514388489208633	
2.0	16.0	10.0	0.9514388489208633	
2.0	16.0	100.0	0.9514388489208633	
2.0	16.0	Infinity	0.9514388489208633	
2.0	17.0	1.7976931348623157E308	0.9496402877697842	
2.0	17.0	0.0010	0.9496402877697842	
2.0	17.0	0.01	0.9496402877697842	
2.0	17.0	0.1	0.9496402877697842	
2.0	17.0	1.0	0.9496402877697842	
2.0	17.0	10.0	0.9496402877697842	
2.0	17.0	100.0	0.9496402877697842	
2.0	17.0	Infinity	0.9496402877697842	
2.0	18.0	1.7976931348623157E308	0.947841726618705	
2.0	18.0	0.0010	0.947841726618705	
2.0	18.0	0.01	0.947841726618705	
2.0	18.0	0.1	0.947841726618705	
2.0	18.0	1.0	0.947841726618705	
2.0	18.0	10.0	0.947841726618705	
2.0	18.0	100.0	0.947841726618705	
2.0	18.0	Infinity	0.947841726618705	
2.0	19.0	1.7976931348623157E308	0.9514388489208633	
2.0	19.0	0.0010	0.9514388489208633	
2.0	19.0	0.01	0.9514388489208633	
2.0	19.0	0.1	0.9514388489208633	
2.0	19.0	1.0	0.9514388489208633	
2.0	19.0	10.0	0.9514388489208633	
2.0	19.0	100.0	0.9514388489208633	
2.0	19.0	Infinity	0.9514388489208633	
2.0	20.0	1.7976931348623157E308	0.9496402877697842	
2.0	20.0	0.0010	0.9496402877697842	
2.0	20.0	0.01	0.9496402877697842	
2.0	20.0	0.1	0.9496402877697842	
2.0	20.0	1.0	0.9496402877697842	
2.0	20.0	10.0	0.9496402877697842	
2.0	20.0	100.0	0.9496402877697842	
2.0	20.0	Infinity	0.9496402877697842	
2.0	21.0	1.7976931348623157E308	0.947841726618705	
2.0	21.0	0.0010	0.947841726618705	
2.0	21.0	0.01	0.947841726618705	
2.0	21.0	0.1	0.947841726618705	
2.0	21.0	1.0	0.947841726618705	
2.0	21.0	10.0	0.947841726618705	
2.0	21.0	100.0	0.947841726618705	
2.0	21.0	Infinity	0.947841726618705	
2.0	22.0	1.7976931348623157E308	0.9460431654676259	
2.0	22.0	0.0010	0.9460431654676259	
2.0	22.0	0.01	0.9460431654676259	
2.0	22.0	0.1	0.9460431654676259	
2.0	22.0	1.0	0.9460431654676259	
2.0	22.0	10.0	0.9460431654676259	
2.0	22.0	100.0	0.9460431654676259	
2.0	22.0	Infinity	0.9460431654676259	
2.0	23.0	1.7976931348623157E308	0.9442446043165468	
2.0	23.0	0.0010	0.9442446043165468	
2.0	23.0	0.01	0.9442446043165468	
2.0	23.0	0.1	0.9442446043165468	
2.0	23.0	1.0	0.9442446043165468	
2.0	23.0	10.0	0.9442446043165468	
2.0	23.0	100.0	0.9442446043165468	
2.0	23.0	Infinity	0.9442446043165468	
2.0	24.0	1.7976931348623157E308	0.9460431654676259	
2.0	24.0	0.0010	0.9460431654676259	
2.0	24.0	0.01	0.9460431654676259	
2.0	24.0	0.1	0.9460431654676259	
2.0	24.0	1.0	0.9460431654676259	
2.0	24.0	10.0	0.9460431654676259	
2.0	24.0	100.0	0.9460431654676259	
2.0	24.0	Infinity	0.9460431654676259	
2.0	25.0	1.7976931348623157E308	0.947841726618705	
2.0	25.0	0.0010	0.947841726618705	
2.0	25.0	0.01	0.947841726618705	
2.0	25.0	0.1	0.947841726618705	
2.0	25.0	1.0	0.947841726618705	
2.0	25.0	10.0	0.947841726618705	
2.0	25.0	100.0	0.947841726618705	
2.0	25.0	Infinity	0.947841726618705	
2.0	26.0	1.7976931348623157E308	0.947841726618705	
2.0	26.0	0.0010	0.947841726618705	
2.0	26.0	0.01	0.947841726618705	
2.0	26.0	0.1	0.947841726618705	
2.0	26.0	1.0	0.947841726618705	
2.0	26.0	10.0	0.947841726618705	
2.0	26.0	100.0	0.947841726618705	
2.0	26.0	Infinity	0.947841726618705	
2.0	27.0	1.7976931348623157E308	0.947841726618705	
2.0	27.0	0.0010	0.947841726618705	
2.0	27.0	0.01	0.947841726618705	
2.0	27.0	0.1	0.947841726618705	
2.0	27.0	1.0	0.947841726618705	
2.0	27.0	10.0	0.947841726618705	
2.0	27.0	100.0	0.947841726618705	
2.0	27.0	Infinity	0.947841726618705	
2.0	28.0	1.7976931348623157E308	0.947841726618705	
2.0	28.0	0.0010	0.947841726618705	
2.0	28.0	0.01	0.947841726618705	
2.0	28.0	0.1	0.947841726618705	
2.0	28.0	1.0	0.947841726618705	
2.0	28.0	10.0	0.947841726618705	
2.0	28.0	100.0	0.947841726618705	
2.0	28.0	Infinity	0.947841726618705	
2.0	29.0	1.7976931348623157E308	0.947841726618705	
2.0	29.0	0.0010	0.947841726618705	
2.0	29.0	0.01	0.947841726618705	
2.0	29.0	0.1	0.947841726618705	
2.0	29.0	1.0	0.947841726618705	
2.0	29.0	10.0	0.947841726618705	
2.0	29.0	100.0	0.947841726618705	
2.0	29.0	Infinity	0.947841726618705	
2.0	30.0	1.7976931348623157E308	0.9460431654676259	
2.0	30.0	0.0010	0.9460431654676259	
2.0	30.0	0.01	0.9460431654676259	
2.0	30.0	0.1	0.9460431654676259	
2.0	30.0	1.0	0.9460431654676259	
2.0	30.0	10.0	0.9460431654676259	
2.0	30.0	100.0	0.9460431654676259	
2.0	30.0	Infinity	0.9460431654676259	
