MinZ	MaxZ	CV	FisherZ	skew		Classification
-1.883055842891919	7.2401724069260975	0.40082249318252555	-10.9221897191676	1.5219409056723883	FLA
-2.0790395181740333	5.405067295100985	0.32254913028063364	0.683768460365513	1.296562160460929	FLA
-2.1202582510086345	7.761444789447027	0.32743532001256354	0.09316433638190137	1.7669714981775029	SPI
-1.9431155684880514	3.8509457509129033	0.34484910409940683	-2.148647501601816	0.9894835902195698	FLA
-2.338744164571682	4.164792829448133	0.34565920821407997	6.44647392858656	0.6991262446767665	FLA
-1.9095143191838828	5.941189775638403	0.3701648768226247	-2.5248031696457662	1.2859722390342196	FLA
-1.7723437726155316	13.605326301616934	0.42084789695646285	-0.2993486477023807	5.808155632931208	SPI
-2.0718530374154684	5.3098042319125724	0.3752956797661204	-2.8026428265862915	1.2526388999131803	FLA
-1.3193513590742467	18.361921536206157	0.6324437307765112	2.275573118016212	12.22894414948037	SPI
-1.611608430453542	10.28983192682694	0.4032703637688766	3.7032273936607103	3.24941668456295	SPI
-0.833736083391112	4.375485673936946	1.0787549142118973	20.694523109435742	1.480358314411875	INC
-1.021291813776085	3.590541424906588	0.8364111509240348	17.235295900738933	0.7070886233336763	INC
-2.2377358684040303	3.485960298973552	0.2652721227696271	2.4308025935230324	0.5600777423628709	FLA
-2.590745642230126	3.106085504041513	0.26893767058711354	-4.161186065325938	0.2594390630758591	FLA
-1.5343265361882699	5.081077639725331	0.2793629812023444	-3.1754254369214316	1.660778666786207	SPI
-2.0630063898494724	3.0831528114132483	0.24774885281460798	2.390757248210447	0.6576367533981913	FLA
-1.762537002048049	3.2000684608700785	0.284951095090598	-2.2026644261517685	0.5677951138300187	FLA
-1.4925935261314225	2.272648629427108	0.2383018889563371	-0.6225723769951251	0.6128881566785422	FLA
-2.217640777753164	3.79140738186238	0.26141172269289714	-2.7795645163972327	0.27403123824342823	FLA
-1.3519957946103742	2.954901886626811	0.35621056666042494	6.046444118007538	1.1146045824350714	INC
-2.339409635400701	2.1388830473783043	0.3257922638234051	-7.383379673350869	-0.4554457891990217	DEC
-1.0407874003913573	3.1355263316603113	0.8354869098804514	13.190347855985102	0.8714772181274342	INC
-1.728630005274297	2.0060669914761964	0.4368472714934368	-8.000030396700884	-0.0202462627673152	DIP
-1.443047628870042	1.9918296967837703	0.6016941748849879	-13.715198675771612	-0.02061054870426699	DEC
-0.9705198803283326	2.5842485376026576	0.8280774265616915	12.188648517854116	0.5497200273342002	INC
-0.6892986621325394	3.861145304162171	0.9606725416844899	-11.36533661070284	2.279432762109319	DEC
-1.1342851139551473	6.013562801125446	0.45000001734014483	-6.779879247269483	2.4212547357876573	SPI
-0.5266426082769393	4.4650253640049415	1.195063205147872	5.840598070671438	2.58717191526885	INC
-1.4873960758682965	3.0065289101121606	0.26330811301244544	8.06895848330387	0.9171841041893116	INC
-1.5066686269119791	3.2270973195213375	0.5490098054015143	-5.639861927770515	0.7398605323455035	DEC
-0.8162434652656474	2.1158942025845615	0.9620412456689166	10.979994804945564	0.85847958378174	INC
-2.042883415756102	3.9949419183007784	0.17626917516892388	1.1016805206471707	1.069043038957608	FLA
-1.4706074159499523	2.4774024385303224	0.6181752108729689	11.239629582307836	0.05217336605241824	INC
-1.4328558386067138	4.421500444805825	0.21314208127024922	-5.0571649671268215	1.6330518639629734	FLA
-1.847687153007333	2.8383075731680285	0.2603905906685853	-9.267730669332858	0.32227146086578823	FLA
-1.9126802623685883	3.9088065404428867	0.17904398356603546	-2.5426850590042034	1.0299766901517102	FLA
-0.5128202428028886	4.6786376224147235	1.3384115545673454	7.184193499626442	2.584636025001457	INC
-1.1123459425279036	3.686489575400745	0.7706774943430024	-3.2667808663946505	0.9717572494122921	SPI
-1.6632373393396993	2.5316958191066323	0.17378693762134265	-1.6209551093706376	0.8839104587216541	FLA
-0.8126022553678254	3.8942466491116967	0.7594603253219556	2.404536286548732	2.2476795032528356	INC
-1.4578698520747018	2.6960554934877172	0.14658232350134753	1.065258675376649	0.8686625074178168	FLA
-2.119254252170953	2.290661313151897	0.17554133656533935	0.560357668559389	0.22051451347151887	FLA
-1.7982999086417326	2.449531428161102	0.13530060742347988	-1.786938822995088	0.32251056239123793	FLA
-1.4588027316445755	1.7419972790048737	0.5182666674478147	-7.15819067317079	-0.06911710242085306	DEC
-2.2105219727273413	2.2901874667766915	0.20911237870400323	1.8947867137624468	0.07336012010514807	FLA
-1.395756402707762	2.400025512027551	0.3042334067252964	-4.248717819175094	0.47565579406116115	FLA
-1.511978000652866	3.5282910900729223	0.24731845349859347	3.542040526988512	1.217517794541412	FLA
-1.864159922481835	1.6836862555646614	0.39232599899916465	-6.345626248135301	-0.3208698788482584	DEC
-1.6834514649288803	3.0617419865942543	0.1402648433849543	-1.595590093537582	0.807317815719419	FLA
-0.9516144807155877	1.8152731068075463	0.9022106418015068	-7.941585160950118	0.4368379211042405	DEC
-1.8052140537118673	2.6556067213903276	0.1510787116165599	-2.938931344577911	0.4400515800274776	FLA
-0.7586722409892374	2.5576084083156543	0.9696280377841401	8.984985046696886	0.9039614501800495	INC
-0.6941098027058303	2.7997809410573837	0.9736016169950547	-6.4748719617896295	1.5435377981130158	DEC
-1.5918840203548938	2.721570585276082	0.2615028380923074	2.63536983579666	0.7052537647847942	FLA
-1.8367517835559324	3.8485878236566844	0.24063708691274516	-3.0449123953644963	1.549748463041535	FLA
-1.6098723008621276	1.7441476818281603	0.15023767258597479	0.24271497896991723	0.25246216588510534	FLA
-2.7061425177183547	1.8126250118680907	0.11092633879642053	-0.5214779301811694	-0.5699981637327444	FLA
-1.4054795647665386	2.128716823148094	0.2551875882198541	-0.7548460492288119	0.4016566936977407	FLA
-0.6365340902869415	3.977006375836546	0.6080159453339077	2.5234700509987666	2.9666251036256233	SPI
-2.4731180869150267	1.2518324601446498	0.31069428818159206	1.4729218082042694	-1.0489461348050595	DIP
-1.4917918053617676	2.8685380209612963	0.18351527759478029	0.7885151713073391	1.344563302332805	FLA
-1.601165060611438	1.8736547606164538	0.19215079408428665	0.3070305869678207	0.2963233373206226	FLA
-0.7076788414911327	4.021712517084794	0.5255038990776975	-3.021987290010501	2.9176108410219674	SPI
-1.5180032576409594	2.580246236374966	0.19594530929913004	-2.0115743720423582	0.6519973746311547	FLA
-1.8463311542310294	2.4920253170910645	0.12550053317176246	-0.7439127160574737	0.49045290116513324	FLA
-1.3925903970850482	2.431793817431853	0.12515848241408248	-0.8822325152265766	0.8296365760828665	FLA
-1.9269711973800467	2.4037349018230607	0.11764547944397805	0.9529455665002219	0.007956978853334582	FLA
-1.8612646864265836	2.172766936194893	0.09531013252428018	-0.8662297369850229	0.3055002247460502	FLA
-1.5466591083092724	2.5137209938832847	0.11395509199436499	-0.6625802695371359	0.6873357010423138	FLA
-1.804177944960942	2.7798982073889777	0.10947093336293873	-1.1860291246128312	0.996870137723051	FLA
-2.5589282513957117	2.2755867149089894	0.14170377246894197	-2.321151104834054	-0.02023400154514691	FLA
-1.5765344410575883	2.3352708282680954	0.09775404827736989	-0.14808756346809376	0.22745750703078002	FLA
-1.548786374487237	1.733139998358758	0.102735186960612	-1.34976532109876	0.20925385456806242	FLA
-1.3717190996396624	2.6275856536387905	0.12879626183382192	2.150965825129297	0.8101497278016637	FLA
-0.9398224928946988	2.2739942088649068	0.658041902598701	6.471196533076151	0.8471275009759216	INC
-1.759093127070824	2.3240727353134996	0.14636161176432744	4.296223559017625	0.42744127702214396	FLA
-1.5705470588368977	2.396370268883325	0.15722017012148498	-2.5217776280600788	0.24865798800111985	FLA
-1.051827775772529	2.3060235127328594	0.18531382971954877	-1.4490828537787905	1.1146492361123057	FLA
-1.540855377323254	13.585697860524826	0.35703499061291133	-3.809289960940837	4.991942526195021	SPI
-0.7793736349449975	19.723980681656403	0.7444151698976718	1.3842474913106686	17.268598889931937	SPI
-2.2701419019591107	4.249798176673217	0.3237771141587477	-3.4249933665525174	1.0192995021665698	FLA
-3.1972971344253462	5.422503450404569	0.28663694340244533	0.5080670273460196	0.7954616889395931	FLA
-1.8396652724469695	9.31007527797922	0.3776101009167295	-1.4275776628223347	3.296046256182544	SPI
-1.6412271725840937	13.386865915889201	0.3606985841925384	2.5529740668238716	5.31684514578471	SPI
-1.3320380947400525	8.235178199002394	0.374308263053248	-0.021394081943681472	2.9054496072798064	SPI
-2.2504434834306175	2.752148056655304	0.2056092046965466	-1.937608853463999	0.4786408936145242	FLA
-2.072749928128586	3.8285167485265412	0.21994758868817244	0.4177547347220788	1.0883939675787053	FLA
-1.748779203473201	3.6129844436374454	0.24450159687101125	-1.7834150887422748	1.0490561784534076	FLA
-2.3189932868804854	2.5298055496197445	0.16919682077353035	-2.3845526616376707	0.028020032290568344	FLA
-2.190451579504376	2.5833819903627115	0.22849244313753653	-3.2625644348424454	0.11451067477928398	FLA
-2.102581237111007	3.416576636525446	0.251013670705094	5.198602785566995	0.1682482158054715	FLA
-1.824417012598695	2.413688975868993	0.19881718291211192	1.2230232386220232	0.5033049559657398	FLA
-1.8160999953991763	3.376920209673565	0.23728557763412875	-4.504041671110426	0.7584187971659606	FLA
-2.7698053628605366	2.0011646316498197	0.2001497910241799	-3.659460116826744	-0.19923989993159602	FLA
-1.5225853358882782	5.185098602697387	0.42293739244823453	7.679304472865802	1.183592753846112	SPI
-1.6424800439540714	2.5983138235840775	0.35333622392806485	8.934572887146498	0.18786696120190158	FLA
-2.734180581958716	2.2932489811576127	0.15025276977591434	-1.2848663954695796	-0.053706960991115583	FLA
-2.0741120616793425	2.15341130221526	0.29823800751578106	-8.528181112799377	-0.2569104085553684	DEC
-1.277587388630788	3.0405803200544286	0.4228516106725543	9.026915931237193	0.6622171581045011	INC
-2.329137204018695	2.464871692490287	0.2630899039514358	-2.40497815398427	-0.23100776451877783	FLA
-1.6654896270605948	3.4216858613031205	0.2977377007988	-7.647866548384676	0.8775920585492195	FLA
-2.074791917721657	3.164260125402491	0.1674634184880943	2.74713031055334	1.0452371011160053	FLA
-2.1427805865529077	2.6552258413506373	0.24043378388554484	-3.1376328793420596	-0.09110884354579177	FLA
-1.517641846013256	3.03847313859343	0.3976757826011138	2.736042907874831	0.7151993340738604	FLA
-1.6391864652949666	3.973436978769441	0.21324255863596833	-5.441925492331247	1.3428845462546377	FLA
-1.7043334087030746	3.5382441103716284	0.16316967357378337	-1.1450386756267905	1.0066631565498922	FLA
-1.7253728721445636	2.7562829547953633	0.20460046545662963	-8.085568804002865	0.30911466899662654	FLA
-2.6243821593317844	3.509731953582316	0.13227878529662876	1.762987914137598	0.5649368815456789	FLA
-2.2464774270169405	2.3861960151444106	0.11549615833107635	-2.285073483061162	0.4897072291156487	FLA
-2.2936398234683226	1.739166837087389	0.10031463320901722	0.6150568077081201	-0.31994494666688494	FLA
-1.9475235540477813	2.635936263751042	0.11528612511174924	-0.7694343483998114	0.30156655678755545	FLA
-1.926393420423335	2.2954914139507863	0.09656070303879874	-0.3001908177290434	0.019878252986465887	FLA
-1.361188880584846	2.0948578608280295	0.10353938962331717	0.4201050180546481	0.5439797511266178	FLA
-2.349927746505336	2.929482906077774	0.11940822368323427	-1.6332765362081423	0.6860899923360376	FLA
-2.2572418135915853	2.1648055310309884	0.10387533903807784	1.7174077256469444	0.14509189353287885	FLA
-2.598331796396284	1.6075788279070138	0.19546021062316474	-5.7761750312119	-0.9676749570752569	DEC
-1.7313429276564292	3.987798514755239	0.15074319878423975	-4.579432393361194	1.2735956127570511	FLA
-1.3012387754400745	1.455506243952234	0.33940158254185626	-8.946723438624305	0.2573366853886689	DEC
-1.706967893274068	2.9881146695979957	0.1090082930257236	-4.379935876458476	0.7041262315443088	FLA
-1.9623025492474322	2.487006408679761	0.15975721043877603	2.8011987600035706	0.5417832709065256	FLA
-0.6914488230061062	6.438081821056908	0.34419774321203656	-1.0174569088547392	5.426878635874051	SPI
-2.072634426806016	2.7793519190069587	0.09556059722694654	0.870675405558631	0.599363275732236	FLA
-1.4706433001228711	1.9970301882911923	0.08714183190805805	-2.2698479553970907	0.3907067215034782	FLA
-1.6750428075440582	2.4295343931240527	0.13894947056403562	-0.8145492429263615	0.40915184677404803	FLA
-2.084181235029504	2.277998858733562	0.12130996439727368	2.356080652445078	-0.04762294545094002	FLA
-2.6392591572112853	1.6597776695450905	0.22077541381773058	1.6208787243739136	-0.9997418601671938	DIP
-1.582578335419789	2.794703586872475	0.0881434129219298	0.08548845104519595	0.9850713896914205	FLA
-1.8935390795376925	1.9264002449257902	0.09234722830842759	-2.6306395384736896	-0.08324030724120166	FLA
-1.102783725376623	1.7753744863318568	0.18665325238449207	-2.341318022335179	0.8355872556289837	FLA
-1.8645905326131218	3.122253153845684	0.13446339756473102	-2.0341753434446486	1.1738045513012356	FLA
-1.0045864132445255	2.8846374627736884	0.1777819684127746	3.8688357735349226	1.286106389286288	FLA
-1.571930315764909	1.6572664464171742	0.06538686168398927	-0.8961223499330625	0.2097967533979167	FLA
-1.7033119428915735	2.1986993894372353	0.092906914376684	-0.7194309641820374	0.6493604517022807	FLA
-0.8998019674887687	2.252668638107554	0.15795908911002035	-2.2056755891481346	1.038125932664725	FLA
-0.5447274083920077	4.036223199442471	0.4374992528804522	0.48807688532821625	3.4283630708494184	SPI
-1.558673167495277	1.9199656145249537	0.059627008178644345	-1.3868043408946755	0.4081526023532509	FLA
-1.747779731886094	2.5470602348027214	0.058639297166466355	0.6712455519413437	0.45678163909257247	FLA
-2.3599789814254883	1.932772617485661	0.08398087982837694	-3.138154969736206	-0.22206715968478916	FLA
-1.4970991741674726	2.4579754705872947	0.07652438726186052	-1.5114175953901683	0.4474918452687606	FLA
-1.7702684528661459	2.2444918392580573	0.11812120309878336	0.9809023548144051	0.7199885355966205	FLA
-1.472824017935474	2.101670227840509	0.11460224984765734	-0.6877977990578115	0.7440039038159518	FLA
-1.0264587023265253	1.6743045301290067	0.3900457712183476	6.151959453033738	0.4749142084331623	INC
-2.827616139543631	1.1232830884896412	0.16448960708224789	-2.2192394594796587	-1.4707738333491396	DIP
-0.9074963262653585	4.213361631956816	0.14078423643148663	0.5453776336109464	2.722210976133511	FLA
-1.6636884482250653	1.296744080205334	0.07165304068267207	-0.8785851850517274	-0.3573060522982917	FLA
-1.4965066716592996	13.218505177956336	0.3548728122284261	3.017813930295893	6.374221702022355	SPI
-2.858126589008121	7.410585916336527	0.21911072936722997	-0.5267424251716699	2.474762266486225	FLA
-0.759947222886166	20.378869936046907	0.743724774734611	0.5767252892496699	19.028361176720153	SPI
-2.1647844176432005	6.307061777069678	0.22629983087937533	-2.407849438905558	1.6393590333730197	FLA
-2.925353833646398	6.084015462079429	0.23819728207679497	-10.244524719563433	1.2378949986483956	FLA
-2.688867750337741	11.383536964115853	0.28427477054719863	0.48706931993444086	4.818456714643994	SPI
-3.0417761440270152	10.94072852834549	0.2216285169652484	-2.174558579965508	4.162825394683143	SPI
-3.00972080322371	10.650039169253251	0.20375930351124247	5.303652602102916	3.5763679075038364	SPI
-2.2316599941196045	7.928415846122508	0.21262728917461024	-11.752723989337914	2.198800354496783	SPI
-2.50977178905957	3.6457850712946382	0.17628167666993905	6.10516216459307	0.40320136862996764	FLA
-1.2181589989620842	12.116239572100959	0.2236689050992464	-2.4012001634960773	8.251268618100813	SPI
-2.3300557443523817	4.411999436899798	0.09061309189480009	-3.616731933696427	1.4858553893071618	FLA
-2.163850750879714	8.514290788397586	0.08816391805656783	1.5534877823158926	4.387313085571997	SPI
-3.0666249421306255	2.054405727680331	0.06597937211045195	2.1582995911062834	-0.3203412340422321	FLA
-2.1986531470902366	2.676981246165541	0.06900590649142288	-1.8190175310855612	0.14458117387815225	FLA
-2.1357515162603087	2.3035604426168987	0.0691907468706894	-1.591605521781976	0.15868875708852598	FLA
-2.1934239538257034	3.0979331750332477	0.05972813257318542	0.08246840691518048	0.42949154562213065	FLA
-2.6800911737422664	1.679835375289925	0.07260796905373311	-4.517721877488855	-0.5114997134200502	FLA
-2.106947044067649	1.9930061766790224	0.10364226705828751	8.156451276200329	-0.1659187575450363	FLA
-2.996066071300113	2.735740633667478	0.06952529006412671	-0.3067846836609972	-0.028043840463450296	FLA
-1.3473416602976802	7.070776038015722	0.1685893514480105	-4.462955620134551	3.2856665427766165	SPI
-2.564022444213279	2.282294421594765	0.0907081507156052	0.9187076950205074	0.06268554874981733	FLA
-2.5390843810073815	3.527994541270393	0.10906702677685012	1.6042628160878007	0.8065705938869041	FLA
-6.689239730899935	3.0586929806273475	0.11956375851253809	-3.713272865617278	-3.078929718700085	DIP
-1.9193402145661886	1.9500186454327713	0.0884016956528911	-6.914593319719496	-0.11743737746363672	FLA
-2.962454353189438	1.7584425954024399	0.09370110220035487	1.9231033159306892	-0.5159653167812616	FLA
-1.6979133427592186	1.7022731188429483	0.18427505997706245	11.72579523764191	-0.044375967400142984	FLA
-2.0039284172572867	2.298056909859946	0.07975989340427027	-9.13646939371389	0.0891482556467407	FLA
-2.2354426496973763	3.01236505116498	0.07159473197463731	3.8617005062166885	0.2242678857158695	FLA
-2.856347530091712	2.8606412506925873	0.08639904472275083	-9.563707882083271	0.3904282409172437	FLA
-1.5631452294818733	2.64989149557907	0.12183915459513264	-8.444075214162796	0.9875912396966618	FLA
-2.4807497450087026	2.291822338853726	0.054251710948608166	-0.49958006935958166	-0.14470497170943772	FLA
-2.782721148803939	6.997001235265644	0.09712962368629176	1.3674396540051226	3.9159564514572067	SPI
-1.9313206339784532	2.9918947950812647	0.04891038311112767	0.42382735391933835	0.37627703680442404	FLA
-2.7825301168451713	2.213112678118903	0.07989851995963476	7.632271431561643	0.007257657231536535	FLA
-2.8493719536159676	2.3991276737013076	0.0945770531172786	-6.244190086209119	-0.9147224490517746	FLA
-5.059224666483283	1.443627597577498	0.12324025448436078	0.674904174733694	-2.612301181303404	DIP
-1.8367831880597414	3.038021966388707	0.09822010343779213	0.6988396269041796	0.6600311449614521	FLA
-2.242646281849705	2.3998120394486078	0.0819762094964384	-1.1814830518995059	0.07103012256177307	FLA
-2.106896213523912	2.6068235241126967	0.10082930952907729	1.8738129054130142	0.1399648247552151	FLA
-1.7095803116923722	2.969331177926838	0.10341149390081299	-3.9178892301446377	0.37606122697011735	FLA
-2.5472908889427326	2.0756822025903903	0.05725970022616319	-1.9122974179023826	-0.10404140027284264	FLA
-1.648273176817553	1.9335791593434364	0.0383414714516176	-0.14654042657388144	0.2537894940238766	FLA
-1.5572970311494791	2.658277111295906	0.046843204619580206	-0.3279788962547117	0.926545732209682	FLA
-1.7027139945452694	1.776664242514955	0.08229930504923766	-4.005046302529306	-0.2062973745472783	FLA
-1.6759237334313084	3.2245090169476978	0.06046000045416705	0.9381627988769192	0.9184048703750817	FLA
-2.0264408945646917	2.5361081289869603	0.06593824749542133	4.1434516774086	0.31687604439559286	FLA
-1.792833802989952	1.9580741687960026	0.05175975447875452	-2.8864497664744073	0.02796714578070204	FLA
-1.3126367117832372	2.4840613410582275	0.08302793050078251	6.347254826371767	0.7573144441547751	FLA
-1.741024063198994	2.0793410334949054	0.06848279642952768	2.4419615923499296	0.06639892897043867	FLA
-1.7523517532530122	2.3293573065175717	0.11202264571587306	1.1268705481850367	0.5078258967258192	FLA
-1.925614297163078	2.251754259205537	0.06278725835678155	2.0615932588488555	0.10627386397853947	FLA
-1.7719935094317019	2.508131497295081	0.1041525610587334	-6.413900882843782	0.2730077508704461	FLA
-2.111928010136595	2.3207353055889555	0.09323902699707169	4.652586259298992	-0.48512317598684995	FLA
-4.514311119922035	2.120738893929	0.07483056527437391	2.0393235904576423	-1.3185999372509338	FLA
-2.1146308805132064	1.9467911647998293	0.07274411641979822	0.4501476075780642	0.009005321504147372	FLA
-2.373628958149556	1.9506361304766693	0.05924121842622589	-0.06108756555568442	-0.5805598531429607	FLA
-2.0949736209834247	1.6414231317940482	0.06925439726386079	0.7042147748078093	0.03198535574408604	FLA
-1.7694160840892084	3.0747038025990685	0.10596725240226125	0.778219802070771	0.7903553039882428	FLA
-1.7249234061737337	2.245198721981249	0.09129061340449308	-1.0980634890272387	0.4922100738904658	FLA
-1.666896255682051	2.2380657688189003	0.12058500209010072	-2.1963227959552882	0.4631909761295921	FLA
-1.6796924110003002	1.8534604980501694	0.0738234771729452	-1.585953995416201	0.10521738671711664	FLA
-1.7373425826269386	2.755467481069571	0.0734862242625341	-1.3396477015124684	0.7210421825944822	FLA
-1.5195173373692046	1.852699636321003	0.09289583996631859	-1.0280701909463108	0.398446225673884	FLA
-1.5427950697820947	2.136362185820076	0.04353006637731371	0.20731248445670247	0.31477805370600315	FLA
-1.560281623923319	2.2136823749077736	0.07231404518608521	0.7392079577482025	0.560668121873636	FLA
-1.2554139440365375	1.9590327358211943	0.0697058566450534	2.3930021306375124	0.2585036586304977	FLA
-2.197089388775092	1.9956323242420009	0.06131469530815943	0.8339450228209483	-0.0037661315020724897	FLA
-1.1419680221558044	3.0520688737208603	0.13030809564280854	-3.8778848756022164	1.3997023321823732	FLA
-0.7390420672023266	3.728448098449329	0.21567715635713322	0.6528044249616163	2.7606491142532685	SPI
-1.4762560949989125	1.8783505649549934	0.05331528828924397	1.3154249502136415	0.45203312251807964	FLA
-1.8020823516667468	1.8442484118864444	0.05139242882509794	-0.10404972090706979	-0.1685293610000075	FLA
-1.8277182909391194	1.7422365028605167	0.051638144217925626	1.7652224592655794	-0.12167422625610937	FLA
-2.2478542350160806	1.1052394918241386	0.15004550222118668	1.038536256212769	-1.078566851583123	FLA
-2.141141661112434	2.009032011096693	0.07346465899416847	-0.3446437201068661	-0.00903116020522778	FLA
-1.597871142486365	2.591192443105052	0.0726916323747696	-0.46489394814671925	1.1364830106728832	FLA
-1.6854231588093005	2.2375170872312857	0.14136471542868678	-2.807645780598024	0.38303251809183747	FLA
-2.0052321292126662	3.493021414210329	0.13174573342843696	1.4600827211773462	1.3220714521459502	FLA
-1.671746284982863	1.7988735847384647	0.0757359354316871	-1.5655923796760625	-0.09643703896981108	FLA
-1.7783835297019013	2.3529166164395305	0.08126177406140171	0.26749098775037766	0.5348811949019021	FLA
-2.0151374626296636	2.0764662212603295	0.06930039961789064	-0.6917729077191624	-0.008378463488436528	FLA
-1.5962028225326135	3.1630567529448084	0.04893890415255844	-1.2337606947856958	0.9532338719969572	FLA
-1.3792360576389942	2.837163245262916	0.08978696522736264	0.45219369654272995	0.6882577254419494	FLA
-1.3129860149256816	10.23079814646777	0.474332790356082	0.4255530797901879	4.72361180983605	SPI
-0.840775356628007	17.727872363806704	0.774567515648797	2.723990525728858	11.041007246920595	SPI
-1.639591216977242	15.09905206627584	0.5462120900915032	-3.4376568805395222	7.8085335520587575	SPI
-0.367769213019782	17.362767865390165	1.7597080185614267	-0.5148135612684916	13.896825695241912	SPI
-1.0930059366966736	3.4679125054235596	0.7280721632595898	25.489213387315694	1.1297749945507574	INC
-1.693758974494323	7.69510361622236	0.39127247517298996	-2.8801780925772094	2.592296887931179	SPI
-1.1826213119565523	5.099857399779687	0.6290024185631801	16.401188914325882	1.0178637445561132	INC
-1.1694350904591635	7.97011872579646	0.3244732704789069	-0.9512166093108071	4.832189818683767	SPI
-1.8882509414628406	2.6954972437199034	0.2215881483489658	2.4583223082959287	0.6481951268148707	FLA
-1.8032408392684443	4.28747580574374	0.2702447575240468	-2.697750070302741	1.0614246837707564	FLA
-1.8676507428611597	2.613341196295972	0.19644156361941273	-1.196002935710503	0.4482291186876695	FLA
-2.404361488921507	5.63801250020413	0.25424698088656117	-3.737771070287744	1.6463466018758708	SPI
-1.1717066941513306	3.490059488483141	0.6218977632276894	11.647650185185041	0.7657035715554722	INC
-1.1266576685407692	2.3186898382282366	0.5992967450872607	10.554347662802444	0.350097103367963	INC
-1.0428261867503723	3.1565775659179476	0.538791499225645	-12.127059911277069	1.436250830956849	DEC
-0.9816566570420857	6.3315506380356155	0.7105434313383328	-6.5546183997682625	3.203188361675257	SPI
-0.958442312632071	3.539599547719463	0.5655505310195815	-7.108589148221365	1.9785681173724399	DEC
-0.5300919434547721	10.469432087779033	0.6586045495249213	-1.4180676691751002	9.492607515985657	SPI
-1.6537813309720075	2.0051901786088298	0.5061257356526356	10.984740762227831	-0.4482310672343613	INC
-1.5880995418382051	7.053513425072362	0.384295182539909	-2.927426803241097	4.752651477326141	SPI
-1.5473257175026889	5.751561522244153	0.23593054513638256	-4.715583796098712	2.2212752517995416	SPI
-0.7580256946401318	7.164675596355214	0.6700050217053751	-0.5324625116585882	5.66913349710816	SPI
-1.9477982256665023	2.0264448174668632	0.13225931050370984	0.6170464027093763	0.05200033520237514	FLA
-1.2925559604586607	2.416316598710732	0.17558929751661378	0.6409951786848666	0.770796826144291	FLA
-1.960579666378444	2.3145842909705627	0.11133785203906188	-0.9719530289037059	0.32765616175510265	FLA
-1.751493371384817	2.6511217479548246	0.16676141619120757	1.4716325741101808	0.3920173560525696	FLA
-1.510419903251541	2.096820369139346	0.22451118887421082	-6.304669082874346	0.21977993354448191	DEC
-1.4623539091103714	3.1410156420457835	0.1440584073974431	-1.4794684700708454	0.9773317712318644	FLA
-2.1842340399758196	1.2451963532320842	0.3069696296127119	-6.255766985648967	-0.7135671837982287	DEC
-2.134380463813004	3.5467801053010968	0.14162276099981383	-4.657761822837557	0.816914714265552	FLA
-1.7862892237268178	5.648682602095946	0.29139789270102245	-2.085990508473309	3.822773812194957	SPI
-0.9562029036844172	2.277452251433753	0.6899062344662544	10.301142337103524	0.7666409548596974	INC
-1.5810425559456316	2.4447602485455597	0.16910249815740303	-0.3109936105290187	0.659727791159194	FLA
-0.8658702079706388	5.066302192774095	0.5297330398557408	-1.8327737480691473	4.07918017248719	SPI
-1.3018316422267597	2.269247816725545	0.14087748382794638	-1.8154856098987378	0.7908743160380398	FLA
-2.6281124783218264	2.575660653649435	0.22796548765441094	-0.5391843177574608	-0.06635459218250257	FLA
-1.6197125719967362	2.632032929494697	0.2060661457833881	-2.0745823015502958	0.3730412911016773	FLA
-2.529057961570964	1.6598579168074445	0.24313202018267416	2.5270096256707277	-0.861419514403377	DIP
-1.5265888113623278	1.9283869865128873	0.09286821479295337	2.271596032093328	0.37522687843755353	FLA
-3.8046306960601286	1.6356634707415905	0.19155553866644345	-0.27265030874448243	-2.27005652133601	DIP
-1.4864175952109664	2.205651915474334	0.1418742313202812	-2.6483638376183043	0.38847415190911394	FLA
-1.4967783100807084	2.2008331827269845	0.20155319334045627	1.6602107691075674	0.5635751702690993	FLA
-2.2968256487710543	1.63153821947185	0.15822207554052028	-0.4816736774691492	-0.41239341172644844	FLA
-1.983038838645268	2.1371973349357143	0.19485290268112215	-0.4620631371489482	0.1423246580899378	FLA
-1.0407065781142775	3.514359639361476	0.39752641598479505	0.6664641397008755	2.2957858306852628	SPI
-1.3431513284087082	2.1337328315949553	0.24569304411482218	1.673991385964124	0.9241736403260096	FLA
-2.1050479455721116	1.654121094203421	0.17052575007006118	-1.8523936721528411	-0.4795620454996371	FLA
-1.9070556992065695	1.4655654776718745	0.1627484559048275	-0.6233916119585358	-0.15708380147336548	FLA
-0.9741564022565589	3.8060906274038766	0.45105579374528015	3.07368651472931	2.3784868232715466	SPI
-2.052671640014284	2.278358050696481	0.20648979974782591	-1.3231086930946674	0.1427956197837169	FLA
-1.3815750000979128	4.230198440299797	0.3462992433296184	0.769382755006642	2.5258912859993967	SPI
-0.7156783867431855	4.934939119737852	0.4887484684415182	2.6190530725438013	3.6554752240987467	SPI
-2.8057867906263243	3.8327458649158	0.23012456475648366	-7.089695370286459	0.14692534404827268	FLA
-2.235039196113511	3.457968900696827	0.20077630450622935	-0.3513980640934372	0.23994315232760272	FLA
-2.5258873182639254	2.1767654301535933	0.05465217196038086	-0.4184297664035903	-0.17904909079469186	FLA
-3.1722525896593643	2.4808566367447855	0.05257879564033036	-2.5768911553368183	0.03082117089779251	FLA
-2.7512366959553636	2.409676354105529	0.05858519731317485	0.8058799461932926	0.003537227470723935	FLA
-2.331458872656498	2.468134156785779	0.0608087083381265	-1.4426663778287419	-0.056616274604344555	FLA
-2.7122816401217564	2.2914473044650228	0.04457990849742078	-2.344625130786363	-0.28773673435234765	FLA
-2.671465707404287	1.7822703458993177	0.08064300169551802	-5.881831214173836	-0.6994759008424097	FLA
-2.3197979123038537	1.581850115581867	0.11224193326958416	11.14798499373553	-0.4536109380300386	FLA
-2.3445021599753946	2.2004352345266356	0.05269211605507364	2.4457868956590088	0.04962746935802531	FLA
-2.215172214598825	1.9923224017185597	0.06767252763166662	-7.1743421701694	0.07954616559853428	FLA
-3.4348649253761954	1.7301551252558944	0.0609680722142927	-3.4603538530241127	-0.8780898513982927	FLA
-2.225637068083835	1.5340380099165845	0.1316069445294963	10.129632597061029	-0.40613712956038417	FLA
-2.7835242114275824	3.8492316518104763	0.27413840768216363	2.5216298282878773	0.8545384152482356	FLA
-2.119224167796182	6.997816732091043	0.268673360633277	0.4938093902804291	1.4281488779855744	SPI
-1.8963069642763557	14.734370045103256	0.36374718146029705	5.930850012831927	6.424358481212629	SPI
-1.4820320046595858	15.62261198499365	0.37212940231834135	3.635205874989582	7.674704175456735	SPI
-1.4406561577657941	3.3314042332842493	0.37304519368218364	-0.764834636433773	1.355461106940962	FLA
-1.8204191770413602	4.346306421469161	0.25884047071391736	1.981265252948159	1.048529217150745	FLA
-2.583708084198151	3.6115882044607046	0.22803558032013144	-3.453754525826633	0.48272288295658977	FLA
-2.118299554468652	3.132202128575916	0.22552882541514593	1.6697604595085178	0.6966168392868377	FLA
-1.7773453687404634	3.107546985896596	0.2520717334565659	-1.3987664605850003	0.6129706832010069	FLA
-1.445438959390018	3.1841442770702786	0.22341128298083301	-1.3212938274914259	0.8979327345188771	FLA
-2.2277618068509484	3.7527632530467927	0.23174984475283525	-2.498378714023029	0.3209366722326624	FLA
-1.522359135787213	4.447683734312023	0.5431268723464329	5.126265937971894	1.5401846485254984	SPI
-1.7234048606977146	2.4621310995242656	0.2343917754021597	4.276390831479927	0.6722239256163203	FLA
-1.252781027309704	3.0433484919960305	0.6700916785544541	12.653325146519501	0.5437344883814661	INC
-1.708400736080905	1.9782295441237152	0.4802566744396817	-13.792942826514798	-0.17746000404316076	DEC
-1.0044614870188542	3.01197534446788	0.7110924056956297	11.863624389524183	0.6095999392344081	INC
-0.8065405905640955	4.015577271781546	0.704387914742093	-11.64040296633378	2.0837681882075536	DEC
-1.3525541320343852	4.984542565371744	0.357596291529607	-8.537380820459804	1.5169500184667464	SPI
-1.3119329394376908	3.721771615924049	0.48062865680383926	-7.860332860397593	1.7806201520308373	DEC
-1.352630210145615	4.66887187693572	0.18764338181872103	-1.5441567925795598	1.7063211119556965	FLA
-1.8824254111917218	3.1431789900073714	0.1424923802474205	-2.9174575309523894	0.5605990778990582	FLA
-1.5820605247579034	2.4359795359593175	0.20698037680721756	-8.26512735771883	0.5132524835283907	FLA
-1.8833209496237415	4.876857635646638	0.16772322268234405	-1.7264576711389141	1.600770257605272	FLA
-0.7081319597324565	3.5191334650231565	0.7705939793455444	7.610037837024931	1.9627209182506034	INC
-1.3500403109795371	3.011661720908661	0.1729132842833022	-0.7170985136666367	1.0879836649896577	FLA
-1.9764209857540336	2.4703819004619705	0.10205635398546173	1.0400145608845988	0.3430813011477837	FLA
-1.8292405756524919	2.184115582033068	0.1386821509552495	0.16005892473535918	0.4855280688120371	FLA
-1.9567804312074129	1.890870445281773	0.08288345698701738	-1.9589514854872432	-0.13685116720032667	FLA
-2.084355301820519	2.092296207154776	0.15195200672504652	1.4168507267131536	-0.18251314031190893	FLA
-1.2172095643972176	3.6120384919050617	0.2088326563903978	-2.819143790782567	1.5374613798287777	FLA
-1.3407105808920063	2.343720047899202	0.1737366507834441	1.1038575224335356	0.759856144303078	FLA
-1.97484567466811	1.8689663012926228	0.33254392665590704	-5.469571184607206	-0.324851476339162	DEC
-1.2751488348838496	4.276156129017275	0.1578605639352853	-0.5577955119974215	1.8295219595040024	FLA
-1.1093210892391603	2.137289310102115	0.7090945629299243	-8.216288085221082	0.42505074014811195	DEC
-2.1447299777246216	4.0924455631229	0.27414149458584924	-1.5304814326953753	2.0913385224569554	FLA
-0.8570000115007438	2.5525509772871335	0.7174707881253264	8.656799431609693	0.9205410999761704	INC
-0.9181716849440713	2.9677755881251113	0.6189461646903718	-6.33597973368256	1.3617755573758716	DEC
-2.1335661560824857	2.2697478567865166	0.19886969858174475	2.7581977946165375	0.5665075339919344	FLA
-1.198088602996799	3.4078516865728967	0.26858297187652636	-1.2632250696753735	1.892865063607674	FLA
-1.4776518745155294	2.8878042592319417	0.18932813794129533	0.28535992100825786	1.1039450668681856	FLA
-1.5339831507518087	3.2682054913702063	0.19648489537784972	0.5404913220043648	1.2419511365143916	FLA
-1.5216361209130336	3.0734243407493964	0.3009869610534021	-0.6958953986480158	1.1308470745637673	FLA
-1.7104004384728266	2.199086278036492	0.1832511432824186	1.5511611273159003	0.23730096291477024	FLA
-0.8657923182751495	4.2741415964211615	0.21004216878962448	-0.12433613823342972	3.34618506480265	SPI
-1.7787019432629017	1.867520174332538	0.12851910191871868	-0.5387745885287244	-0.060591014802176664	FLA
-1.6436612504564614	2.5415301479403594	0.16870182282451868	-1.1454710453454526	0.6251694330274664	FLA
-1.3745629851797352	2.7853193861111993	0.13214279466327913	-1.0886337851900485	1.3779717898824335	FLA
-1.6725282212968686	2.6276282044347337	0.16878286508664206	-1.2343070311511015	0.8377535809611246	FLA
-1.519906579406211	2.296309074514146	0.14153002216127983	-0.7457470475269451	0.6511832247983005	FLA
-1.169224830413932	2.540140944074267	0.3014158597403556	-1.6516462621735761	1.189682786930013	FLA
-1.1542880527387567	1.8057661522456994	0.5080288305049275	6.9150347590589	0.5910693259452247	INC
-1.3131172346966067	2.2671070349390194	0.1679501220356528	-1.093871197375701	0.6840675189287153	FLA
-1.279896831541858	4.466567960703639	0.3051344763104258	1.7674251180626	2.7075766607878373	SPI
-2.3220146266062827	2.021341749706119	0.09762404323676081	0.05443962947130182	-0.17534879897340805	FLA
-2.259968265881197	1.7943283420052363	0.11467111410858526	-3.167862220490832	-0.34222890280883134	FLA
-2.0019902600491926	10.054466359471467	0.3649600819987097	1.9308445856477137	3.0886926756492787	SPI
-1.5367980823672431	9.77955221890742	0.40122648828687585	0.45628326781114514	3.897122131758264	SPI
-1.4106916791060857	8.798176885519656	0.442136852962587	6.718758721014579	3.2691251061638322	SPI
-1.0878931089367934	3.279136273457079	0.788575084817778	20.263706031403686	1.3066567787525354	INC
-1.5816242417547224	3.6970857111247493	0.34870881753923527	1.6131461192329646	1.0802950297794183	FLA
-1.6836374289427127	2.725982431480592	0.27219140315502577	5.722571847612	0.459084021966475	FLA
-2.0254924625369766	2.658125678751036	0.2175088881240823	-0.6812209926764863	0.32538025981369034	FLA
-2.339736412871374	3.0378976409578073	0.2119853219982376	-2.6044562788934877	0.6110129509409474	FLA
-2.0673092254662375	2.961713633936417	0.2314386917113989	0.8444825171273692	0.7785234041842803	FLA
-1.8485227348543154	3.1388172592788264	0.23900244806176216	-1.3495346143410305	0.5927941352003383	FLA
-2.2429465647543507	2.752986754164401	0.17569886488047973	-2.3014981530359027	0.2194003155818042	FLA
-2.077390325519047	2.3507961229655523	0.2779964218560229	-5.471044046700295	-0.07592737321594971	FLA
-1.87883379992032	2.6173139876020937	0.2195502026484117	2.8513433102702357	0.5546694192470503	FLA
-2.606056799801358	2.143795056337319	0.21761689028677925	-3.061783436511921	-0.10030665494193987	FLA
-1.496961170829063	3.1555409834306407	0.45262220536589026	10.432723018941859	0.49404016883302004	INC
-2.0435058762030245	2.1392060021682124	0.32326708092529355	-10.507826610297187	-0.1882952575498402	DEC
-1.1433329575508582	2.850417948484089	0.5451166106422556	10.429105770513628	0.5341107163891067	INC
-0.9417148136569504	4.280114477784494	0.5664378620281907	5.473537034238997	2.2495102139096192	INC
-1.5199599500247518	4.134876589098542	0.2187867130446901	-2.0392931665783447	1.5294389398462116	FLA
-1.7391497191114107	3.7015762910985703	0.19636774354847109	-1.6339237300836473	1.1948315876991038	FLA
-1.612927751861129	2.607302193153878	0.22244488823033967	-7.485395891625649	0.45074894758259565	FLA
-2.4107036318232886	4.1415922094433855	0.14286669782384942	-1.9100689886675672	0.681736909134008	FLA
-0.9040186648098626	3.100396917236144	0.6024001823286879	7.460975942992518	1.685221594943963	INC
-1.2036169320019432	4.962435428107846	0.5233563607788951	-1.8305387217239586	2.528345207539855	SPI
-2.018682032427781	2.7404289830951396	0.1455011372698729	-0.9637604566874319	0.6526636903448221	FLA
-2.1514499348936953	2.5880284159531493	0.13354417593980594	1.3261338025975895	0.11168176156410463	FLA
-1.8099663955051055	2.4197736306576534	0.13288757088620679	-0.6338446592764025	0.07695314250063146	FLA
-2.583612495459941	1.410129195271378	0.10759608567604435	-0.17264390188056306	-0.8564546479524171	FLA
-1.704138119724636	2.390159454070146	0.1292251212725552	0.07186649456734429	0.3767811630460287	FLA
-1.8152309959710329	3.2305224719110512	0.15444070699537646	-2.8921483369153735	0.852444284526947	FLA
-2.170875874297464	1.9880630950304186	0.12066597778051834	2.8083148723999733	0.05142226665526155	FLA
-2.353523652965734	1.6394707574580865	0.24200059980782895	-7.237801722481354	-0.7955570745977263	DEC
-0.9878184432544473	1.8288104523752406	0.5848203679472477	7.895005132410784	0.36772157248494713	INC
-1.1546852687601938	1.5326136802033656	0.4540944556976071	-8.13214421920696	0.3081582528801903	DEC
-1.5158489521623517	2.982056590358032	0.1522721734895834	-4.132667714072648	0.9945197958305657	FLA
-0.8942528408695002	2.132699011266969	0.6022906729487639	8.722505106985823	0.8520971230423362	INC
-0.9309324542529986	2.679190610799825	0.4739505129024708	-6.701072109559342	1.216936109142726	DEC
-1.7106598149403192	2.5337202851557263	0.18806735293781934	1.4322605562143025	0.8563804990123862	FLA
-0.5320918830761994	5.3784170479991085	0.625884466685635	-1.3160278511911154	4.3008217557343835	SPI
-2.6316659004001868	2.4578310886306336	0.11435293053363171	0.5031766176735627	-0.15895348985377525	FLA
-1.62316294374598	2.759413098718707	0.11774901924584155	-1.65280606629039	0.574744914256145	FLA
-1.763416315668034	1.7715802800924207	0.15407485503763188	-0.999415611545441	0.2264881677070146	FLA
-1.8497588410844106	2.414898461917604	0.15952127988891632	1.2723986737062543	0.1674779822072446	FLA
-1.3943124903854578	2.6807422433403874	0.15259711660597367	0.7251177189499247	0.7475566548121667	FLA
-1.78569225358209	2.282052708832848	0.12248397891026516	-1.0036838637615548	0.12448271594922748	FLA
-1.2610322066608683	2.2861031533958207	0.22788233180958153	-1.5647578689749977	0.7355441612207249	FLA
-1.6577410384564157	2.9317551249615	0.13112485195836984	-2.1583542251896595	0.7493053227316089	FLA
-1.9586135642445885	1.7640066426803886	0.08727210634729402	-2.5534039787464566	-0.15038694929521357	FLA
-1.9310422881969715	2.0264443503507215	0.11576136480174093	-1.0658888156239619	0.03735204628090574	FLA
-1.4190901813904389	2.382981801978848	0.13033144039861386	0.6642233066320913	0.6356876899550618	FLA
-1.9161347560374364	2.1316528597371285	0.09318212299723397	-1.641717614436761	0.4178683757531647	FLA
-1.325374399644478	2.783803412662278	0.0887484840036282	0.6168766559313942	1.1189851618430962	FLA
-1.4954587947910751	1.9989549719317865	0.1527778768051679	1.0873928706638987	0.6537888448588107	FLA
-1.3872434768713306	3.163548893322054	0.12621551977126594	-0.32411761354376745	1.441829043541621	FLA
-1.1596520657149987	2.0161868491267727	0.4746193378763201	6.097381318332289	0.532860701778861	INC
-1.7058697998792456	1.9353197601342194	0.0899669425036566	0.19106374611398141	0.0392971621246699	FLA
-2.2234315847111477	1.6974822339017155	0.13589362975005362	-0.6900648379542103	-0.13020893718873072	FLA
-1.0312719340362293	11.441503998490683	0.671179185443656	-0.07468482354136713	4.664282502627992	SPI
-0.8076345681852353	16.30318069832352	0.956909273630848	0.31599566258603945	9.94389231268159	SPI
-0.8720215795462396	13.05989082177937	0.7756698120918268	1.0997246772306786	6.303875326578072	SPI
-0.842983947303128	14.142452527744105	0.8844913935048411	0.9715505817105243	7.5423570258581965	SPI
-0.9533316499143294	14.033490523117909	0.7573891091682532	-0.31524418432297285	6.4898927472476915	SPI
-0.9117303537638529	12.250410415643188	0.7908671595424835	-1.800555155518594	7.481689639578213	SPI
-1.5981892097279926	6.265764031301571	0.3039808383140646	-0.6209248161893995	2.7342756030623057	SPI
-1.818079316937128	3.1917967041149384	0.22347208908497782	-2.6096268200307065	0.709236640190434	FLA
-1.762693866469937	2.2510158557624034	0.32478556672562653	-0.39417872860502196	0.45133735437934436	FLA
-1.3093032740688053	7.752163755167633	0.5367351695364893	2.251432024093356	4.005739577438206	SPI
-1.6947772597919006	2.6072082108083614	0.3788007305549492	6.678559370444946	0.6432678068469042	INC
-1.2132851813730363	6.082877231358377	0.6063379485503773	4.700680884479819	2.9196033817980234	SPI
-0.8687522112018536	7.992061382171667	0.6204647345793893	2.252722465152233	6.008757143450615	SPI
-0.7182205853487728	5.349492361877974	1.2198509767856731	2.3952010538488016	3.7483789594421055	SPI
-0.841478222970239	4.522379938906586	0.9225599095849889	0.5886853973582964	2.841407781195869	SPI
-0.7239921907599	4.2389484757520215	0.8443573624015102	-0.7991692751660201	3.0128804557342197	SPI
-1.0088479889206818	4.843030126837786	0.597352565357391	2.674378091434263	3.5918948559042736	SPI
-1.3600999052346232	4.520021585501473	0.517696053024482	1.759456161657838	2.309804304017836	SPI
-1.5178855040398413	3.184160854436237	0.47198134059180163	3.645094269000551	1.127219580770567	INC
-0.7448051381033975	6.4337967733745165	0.7785029483388468	-2.8051773666668725	4.986622182174321	SPI
-1.2988362619204032	5.314970976998951	0.3722256595707066	0.3949249015443057	3.0170832419142557	SPI
-1.3591583992922363	1.7870210188568396	0.2999905107818156	-1.3640470227846162	0.32725359439082397	FLA
-1.6058252896628058	2.041823743070297	0.18642772105853941	0.35191933317268503	0.47846730030439405	FLA
-2.6166819915146644	9.040749807678433	0.1931444710314542	-2.6863042797514036	3.0117950910730698	SPI
-3.6281966157914294	3.613345342645109	0.1262283716727592	0.8029881832726948	0.3280603909587966	FLA
-2.2636247533739136	3.6606742377711496	0.12334283167854775	1.073775485980371	0.5892197352981995	FLA
-2.842151883666775	3.3787954915288574	0.14020142665723304	1.8717936977556835	0.2858379865177612	FLA
-2.659288118641509	5.038715864378431	0.14809626842912946	-0.745917499759617	0.7775324688680006	FLA
-2.682352997194139	3.6718248841243533	0.14820511807667028	3.0144722602712433	0.3453976533367365	FLA
-2.6299561619697585	3.4040948075103254	0.12903924302714753	-0.05327770939811096	0.25379950383154787	FLA
-3.918153950671969	3.457112408125796	0.14369026789904527	3.624300152141644	0.10736684750833873	FLA
-3.1992485712362098	3.9160764005155695	0.15220627278158086	0.07003303750498717	0.3697221745003849	FLA
-2.9128154084512556	3.3348184057120718	0.13454002906731258	3.6319646901061744	0.47578409467508376	FLA
-2.533868493630294	3.18580182988002	0.1459183523392563	-2.688642181702681	0.6422815798777818	FLA
-1.8693171712411107	2.444438061143754	0.15559688431176846	1.129376510527394	0.35735184829231115	FLA
-1.9486820147693182	2.4700608797329675	0.1497037077192492	-3.0598209493542234	0.4851465418801214	FLA
-2.6928622328593117	2.718557634521697	0.14013247225276318	-4.512547236563756	0.1154643281707124	FLA
-2.4300648468973867	2.855692012177725	0.1448723515599128	1.5972704495753334	0.29968434656875664	FLA
-2.1470017577844422	2.63407265675406	0.14395366725132847	-1.2571311069785562	0.41674015776443796	FLA
-1.880585723108616	2.1858980069806297	0.12360824810495305	0.5450670107387671	0.17605372270702668	FLA
-2.0658321340591703	2.475861326833755	0.14847360836035103	-2.8368535307610894	0.2626564058696895	FLA
-1.7533633998814544	2.241053881967687	0.13823466484047223	0.4997345609686768	0.35637907015038445	FLA
-1.8762495542032402	2.964952439047855	0.16347903299182284	-4.193368160955747	0.6217711338242675	FLA
-2.3865228782066152	3.505199152301089	0.13842487914141563	1.1014949224358244	0.6707786380415173	FLA
-1.8233137231083576	2.682846277485129	0.1165154372647612	-1.9217428053741037	0.11519218810628754	FLA
-1.9822646638145707	2.2491937514903286	0.1554583376980269	-5.475635580178433	0.17140633251074758	FLA
-1.829420674186036	3.444635973061572	0.10011770668333063	2.7702010730355604	0.8178944453151024	FLA
-2.3629911204318863	2.3065168625291714	0.12826962897879585	1.584450190970779	-0.2033379105748405	FLA
-2.3525942037609844	3.005695939761814	0.12111631028524215	-2.078014482616021	0.36488439918158094	FLA
-2.951557750671169	2.42183991500794	0.09090467364370415	-3.4904184163564453	-0.1681547165289262	FLA
-2.0805113074620607	2.599167140567519	0.11275857160557225	-1.3640472793917404	0.0752665726399063	FLA
-2.102230137858611	2.6688325342079664	0.06813717931545436	0.019304806947535957	0.26791293827589613	FLA
-2.1927289718315683	2.988965238835534	0.08539987222125317	-3.6100958519509905	-0.14071404368160592	FLA
-2.5211825018887963	2.6547688194910517	0.08369655092509762	0.05916658747809466	0.2422068649963352	FLA
-1.2573470360638384	3.5039080453753355	0.12233530419618219	4.536459798112612	1.1101441637462304	FLA
-0.8022476669480592	11.987941310531113	0.6788114282916725	-6.409534655925175	4.781205088578364	SPI
-1.2031115282503066	13.826435257456438	0.5623837988705763	0.9465259188492295	7.503714713452712	SPI
-0.9962239199794957	9.112451710950817	0.5348095686297762	3.8229587217081122	4.202060161752065	SPI
-0.7014570910448495	10.301220357789841	0.7377804998032919	1.2943802196628345	5.631565044297762	SPI
-0.4606744529866396	13.157836962473342	1.151780148428685	2.0614108972133214	10.545709152945895	SPI
-0.5131665661065749	13.598119546784453	1.1561161328781524	1.433237966619896	9.162947187692085	SPI
-0.8296986123894843	11.694533723787153	0.7496371530572684	-2.279020153476333	6.649859130789042	SPI
-1.1104654286653246	12.756623199905874	0.6686485969750121	6.332102049808069	5.5161984613953345	SPI
-1.079180534294166	6.914844012460851	0.5642808730710037	2.3877972986233957	2.4890923980304542	SPI
-1.9506141984311534	3.551563124271409	0.1812173302538656	-1.3441125255243977	0.5943505777078475	FLA
-2.2915172494708296	2.6660769254616747	0.2554653099280023	-4.8129177958063964	0.2008175832105779	FLA
-1.2685944294110194	3.0365075219321636	0.5838176113348856	11.377892284797163	0.5327233378312889	INC
-1.6273830262005802	2.3569987294358303	0.44765957907716103	-9.55181178995137	0.03635491160941099	DEC
-1.6108977297241487	3.569956233825904	0.19984615247679727	4.667144044555623	1.3080233633066727	FLA
-1.6775072829768205	2.4382213153887333	0.4771292500714175	8.65885645395156	-0.10915847299174664	INC
-1.4640476324940677	3.0697119319451	0.20414733429149542	-2.6360460156665266	0.811165391127248	FLA
-0.7015287560770217	7.836085004953737	0.47586979032139043	-0.9247899856156101	6.035426065778605	SPI
-0.7855406623053777	3.6614274086732754	0.6621884269666268	7.486937017210146	1.9034438524369452	INC
-0.8258181487905701	5.75611418083519	0.9109180358551667	-1.2480743105647278	4.049929856484171	SPI
-1.341555862752002	3.0805450282525784	0.25329650599669823	0.48623729209200817	1.5559933789577782	FLA
-1.8101161638658776	2.567291940831839	0.16011842189359993	0.30828417387417323	0.4812966480911441	FLA
-2.047918068410876	2.2791375179345033	0.14932791169298187	-0.2404163597761432	0.29769903021032257	FLA
-1.364529202117589	2.854775814640982	0.24373401337030604	1.152776298599076	1.031378782721587	FLA
-1.3386855008744285	2.97387119381939	0.2620279455341354	-2.4313511977397564	1.1211418749461248	FLA
-2.1274830995478533	1.656266217601031	0.30758389932748476	-4.323418173737986	-0.405303972558604	DEC
-1.0501439800313266	5.037629339110855	0.39790500856184835	-0.0028284343660035056	3.1289592921955554	SPI
-0.8494825853248618	4.501772278006316	0.7738166987093876	-3.5031876809258167	2.474044340704295	SPI
-0.8644261588773426	2.782496415816257	0.7101505767546601	7.504349407535918	1.1626667028838507	INC
-1.0677283573396292	2.9684854515614103	0.4959571212264704	-5.671547508158454	1.3298896788791952	DEC
-0.9169275127584279	5.76919044761631	0.3372812375425303	2.5704837234954168	3.659972777493555	SPI
-1.2239783220532614	2.3468297456782	0.2681846221365043	-0.0660073382785871	0.8877093772054723	FLA
-1.7500574717386543	2.5880815750359765	0.21449055644845985	0.6599727760158943	0.5415543341131706	FLA
-1.540855366951587	13.58569788155807	0.35703499178636683	-3.809289778379913	4.991942540087288	SPI
-0.7793736374331716	19.723980678807422	0.7444151706531821	1.384247524874845	17.268598882070933	SPI
-1.6412271869176998	13.386865921042835	0.3606985836866047	2.552974070884727	5.316845151627924	SPI
-1.3320380879465767	8.235178200045409	0.3743082632543249	-0.02139407158273758	2.9054496064477466	SPI
-1.738373354315465	3.23089242836061	0.2498893106130735	5.167050257311748	0.5523530307854208	FLA
-1.7894826660451906	3.5751778116994704	0.22854180734049268	-0.16154131470347652	0.6886821965452873	FLA
-2.2504434886117366	2.752148049920441	0.20560920473272032	-1.9376088508256661	0.4786408912120772	FLA
-2.0727499268870844	3.8285167521501413	0.21994758878449686	0.4177547321934356	1.0883939633865347	FLA
-1.7487792061148546	3.61298444803793	0.24450159690804182	-1.7834150944497291	1.0490561791293138	FLA
-2.3189932902003902	2.529805549493714	0.16919682096720026	-2.384552662962254	0.02802003172903907	FLA
-2.1904515788038843	2.583381992201391	0.2284924430960705	-3.262564433576504	0.11451067492815453	FLA
-1.8244170128133088	2.4136889718203474	0.19881718289284625	1.2230232342485599	0.5033049543560038	FLA
-1.5225853311153048	5.185098602555987	0.4229373925244355	7.679304471772055	1.1835927537495896	SPI
-2.7341805800697303	2.293248984257387	0.15025276975599208	-1.284866387285349	-0.053706964805606584	FLA
-2.0741120588290287	2.1534112987340674	0.29823800740236756	-8.528181104948102	-0.25691041061465847	DEC
-1.021903459113212	3.8390331268094706	0.4508464328745035	4.927697086997406	2.108197261019208	INC
-2.0747919245263975	3.1642601225913904	0.1674634185288255	2.7471302909719824	1.04523709758815	FLA
-1.704333412566124	3.53824411898046	0.16316967375861338	-1.1450386499166094	1.0066631540629467	FLA
-2.624382170474701	3.5097319302681407	0.1322787855188049	1.762987899209819	0.5649368579885248	FLA
-2.246477440860067	2.3861959922372353	0.11549615836587264	-2.2850735006197533	0.489707224922471	FLA
-2.2936398112654697	1.7391668489952392	0.10031463328625459	0.6150567875580991	-0.31994493965650905	FLA
-1.6190484805844096	5.301414643552295	0.31235636234072967	-0.2660523335016879	1.1835418267312388	FLA
-2.0019902836362604	10.054466279963243	0.3649600820389772	1.93084461664016	3.088692616543196	SPI
-1.0878931055623655	3.279136273417159	0.7885750850342895	20.263706025241113	1.3066567794282529	INC
-2.0254924672868113	2.6581256722993802	0.2175088880694904	-0.6812209988974778	0.32538025859922437	FLA
-2.339736419881117	3.0378976390994046	0.21198532208515147	-2.6044562708196377	0.6110129485695808	FLA
-2.0673092197327945	2.961713625936361	0.231438691578514	0.8444825083222384	0.7785234025857709	FLA
-1.8485227382712708	3.1388172628046207	0.23900244833051515	-1.3495346130509356	0.5927941368737318	FLA
-2.2429465566467943	2.752986753066283	0.17569886466992315	-2.3014981500553717	0.21940031576099617	FLA
-2.0773903242819665	2.3507961191447597	0.2779964217823826	-5.471044050479377	-0.07592737396748121	FLA
-1.8788337951921914	2.6173139882895033	0.21955020249040086	2.8513433120049374	0.5546694205885931	FLA
-1.4969611662475457	3.1555409877779206	0.45262220550103655	10.432723019867627	0.4940401703975345	INC
-2.0435058795194623	2.1392059991127104	0.3232670808520085	-10.507826609803205	-0.188295259228124	DEC
-1.143332954194278	2.8504179493755895	0.5451166107538893	10.429105772427151	0.5341107170310637	INC
-0.9417148196918852	4.280114478833089	0.5664378620173032	5.473537039585012	2.24951021578899	INC
-1.186903416627542	1.9690012236852275	0.5118352660741244	9.86275491987447	0.6965399429429528	INC
-1.519959965574072	4.1348765920582835	0.21878671242285685	-2.039293158243733	1.529438941749431	FLA
-1.739149720802897	3.701576281347611	0.19636774342124985	-1.633923713567571	1.194831586791404	FLA
-1.6129277638517194	2.607302188370336	0.222444888052862	-7.485395890253638	0.45074895300115747	FLA
-2.4107036663356656	4.141592158271661	0.14286669867242707	-1.9100689835862434	0.6817368612620964	FLA
-0.9040186701133839	3.1003969087296057	0.6024001821115476	7.4609759433260265	1.6852215926737442	INC
-1.2036169365754399	4.962435427236444	0.5233563605837573	-1.8305387174615309	2.528345205091287	SPI
-2.0186820426025966	2.7404289817646976	0.14550113709922977	-0.9637604651025578	0.6526636659425027	FLA
-2.151449925005813	2.5880284079487303	0.13354417580791775	1.32613379902366	0.11168175456779217	FLA
-1.809966405576938	2.4197736376823915	0.1328875710627928	-0.633844666501118	0.07695314309504232	FLA
-2.5836124885993215	1.410129180144958	0.10759608572448055	-0.17264388950395315	-0.8564546532789807	FLA
-1.7041381115716505	2.3901594488920685	0.12922512102672665	0.07186647872615659	0.37678116608485246	FLA
-1.8152309911888564	3.2305224604910023	0.15444070723579797	-2.8921483389746134	0.8524442767746527	FLA
-2.1708758839015627	1.9880631032749312	0.12066597814491556	2.8083148480129654	0.05142226079361209	FLA
-2.3535236508002466	1.6394707621787745	0.2420005999640984	-7.23780172360762	-0.7955570698394197	DEC
-0.9878184442354067	1.8288104550701256	0.5848203681685733	7.895005144345898	0.3677215714077614	INC
-1.1546852669764458	1.532613680520092	0.4540944551415982	-8.13214420315678	0.30815825315728523	DEC
-1.5158489443427814	2.982056571714598	0.15227217347161087	-4.132667733942028	0.9945197628938637	FLA
-0.8942528423182351	2.132699007815236	0.6022906729980487	8.722505103527393	0.8520971238528451	INC
-0.930932442900764	2.679190608530455	0.47395051344260813	-6.7010721173676915	1.2169361081859782	DEC
-1.7106597984187415	2.5337202515209785	0.18806735278100953	1.432260549259438	0.856380498772803	FLA
-0.5320918794021859	5.378417054565508	0.6258844660311756	-1.3160278568897614	4.300821761145489	SPI
-2.631665901330585	2.4578311543022164	0.11435293167448149	0.5031766309350056	-0.15895349746590776	FLA
-1.6231629051656027	2.7594131408373173	0.11774902038953819	-1.6528060727164557	0.5747449769901386	FLA
-1.7634163421341542	1.7715802865197448	0.15407485381815683	-0.9994156213873664	0.22648818094348008	FLA
-1.8497587974233662	2.414898448489987	0.15952128230604395	1.272398625801188	0.1674779797773111	FLA
-1.3943124839809244	2.680742243981096	0.15259711629924574	0.7251177266636607	0.747556647129727	FLA
-1.7856922520838008	2.282052716324756	0.12248397839133111	-1.0036838589646264	0.12448272343559318	FLA
-1.6577410161079467	2.9317550942451938	0.1311248519927241	-2.1583542272926257	0.7493052865618629	FLA
